index,dt,datetime,timezone,city_name,lat,lon,temp,temp_min,temp_max,pressure,sea_level,grnd_level,humidity,wind_speed,wind_deg,rain_1h,rain_3h,rain_6h,rain_12h,rain_24h,rain_today,snow_1h,snow_3h,snow_6h,snow_12h,snow_24h,snow_today,clouds_all,weather_id,weather_main,weather_description,weather_icon
121694,1193850000,2007-11-01 00:00:00,28800,Denpasar,-8.652497,115.219117,26.0,26.0,26.0,1010.2,,,88,2.1,100,,,,,,,,,,,,,40,802,Clouds,scattered clouds,03n
121695,1193853600,2007-11-01 01:00:00,28800,Denpasar,-8.652497,115.219117,25.8,25.8,25.8,1009.1,,,89,2.1,100,,,0.0,,,,,,,,,,20,801,Clouds,few clouds,02n
121696,1193857200,2007-11-01 02:00:00,28800,Denpasar,-8.652497,115.219117,26.0,26.0,26.0,1009.1,,,88,2.1,110,,,,,,,,,,,,,20,801,Clouds,few clouds,02n
121697,1193860800,2007-11-01 03:00:00,28800,Denpasar,-8.652497,115.219117,26.31,26.31,26.31,1009.0,,,82,6.03,102,,,,,,,,,,,,,100,804,Clouds,overcast clouds,04n
121698,1193864400,2007-11-01 04:00:00,28800,Denpasar,-8.652497,115.219117,25.8,25.8,25.8,1009.3,,,90,2.6,110,,,0.0,,,,,,,,,,20,801,Clouds,few clouds,02n
121699,1193868000,2007-11-01 05:00:00,28800,Denpasar,-8.652497,115.219117,26.38,26.38,26.38,1010.0,,,82,6.12,91,,,,,,,,,,,,,98,804,Clouds,overcast clouds,04d
121700,1193871600,2007-11-01 06:00:00,28800,Denpasar,-8.652497,115.219117,26.39,26.39,26.39,1011.0,,,82,6.13,89,,,,,,,,,,,,,92,804,Clouds,overcast clouds,04d
121701,1193875200,2007-11-01 07:00:00,28800,Denpasar,-8.652497,115.219117,27.9,27.9,27.9,1010.8,,,81,4.1,90,,,0.0,,,,,,,,,,20,801,Clouds,few clouds,02d
121702,1193878800,2007-11-01 08:00:00,28800,Denpasar,-8.652497,115.219117,29.0,29.0,29.0,1010.8,,,79,5.1,90,,,,,,,,,,,,,20,801,Clouds,few clouds,02d
121703,1193882400,2007-11-01 09:00:00,28800,Denpasar,-8.652497,115.219117,27.03,27.03,27.03,1011.0,,,81,5.98,99,,,,,,,,,,,,,89,804,Clouds,overcast clouds,04d
121704,1193886000,2007-11-01 10:00:00,28800,Denpasar,-8.652497,115.219117,27.19,27.19,27.19,1011.0,,,81,5.38,111,,,,,,,,,,,,,84,803,Clouds,broken clouds,04d
121705,1193889600,2007-11-01 11:00:00,28800,Denpasar,-8.652497,115.219117,31.0,31.0,31.0,1010.2,,,70,4.6,120,,,,,,,,,,,,,20,801,Clouds,few clouds,02d
121706,1193893200,2007-11-01 12:00:00,28800,Denpasar,-8.652497,115.219117,26.74,26.74,26.74,1010.0,,,83,4.34,138,0.22,,,,,,,,,,,,62,500,Rain,light rain,10d
121707,1193896800,2007-11-01 13:00:00,28800,Denpasar,-8.652497,115.219117,26.39,26.39,26.39,1009.0,,,85,4.58,136,0.69,,,,,,,,,,,,66,500,Rain,light rain,10d
121708,1193900400,2007-11-01 14:00:00,28800,Denpasar,-8.652497,115.219117,31.0,31.0,31.0,1008.1,,,70,5.1,120,,,,,,,,,,,,,20,801,Clouds,few clouds,02d
121709,1193904000,2007-11-01 15:00:00,28800,Denpasar,-8.652497,115.219117,30.0,30.0,30.0,1008.1,,,74,4.1,120,,,,,,,,,,,,,20,801,Clouds,few clouds,02d
121710,1193907600,2007-11-01 16:00:00,28800,Denpasar,-8.652497,115.219117,30.0,30.0,30.0,1009.1,,,70,4.1,140,,,,,,,,,,,,,20,801,Clouds,few clouds,02d
121711,1193911200,2007-11-01 17:00:00,28800,Denpasar,-8.652497,115.219117,28.0,28.0,28.0,1009.1,,,83,4.6,120,,,,,,,,,,,,,20,801,Clouds,few clouds,02d
121712,1193914800,2007-11-01 18:00:00,28800,Denpasar,-8.652497,115.219117,26.68,26.68,26.68,1010.0,,,85,4.25,83,,,,,,,,,,,,,24,801,Clouds,few clouds,02n
121713,1193918400,2007-11-01 19:00:00,28800,Denpasar,-8.652497,115.219117,27.0,27.0,27.0,1010.2,,,88,4.1,120,,,,,,,,,,,,,20,801,Clouds,few clouds,02n
121714,1193922000,2007-11-01 20:00:00,28800,Denpasar,-8.652497,115.219117,26.32,26.32,26.32,1012.0,,,87,3.91,101,0.38,,,,,,,,,,,,65,500,Rain,light rain,10n
121715,1193925600,2007-11-01 21:00:00,28800,Denpasar,-8.652497,115.219117,26.27,26.27,26.27,1012.0,,,86,4.34,104,0.2,,,,,,,,,,,,93,500,Rain,light rain,10n
121716,1193929200,2007-11-01 22:00:00,28800,Denpasar,-8.652497,115.219117,27.0,27.0,27.0,1011.9,,,88,3.1,110,,,,,,,,,,,,,20,801,Clouds,few clouds,02n
121717,1193932800,2007-11-01 23:00:00,28800,Denpasar,-8.652497,115.219117,26.0,26.0,26.0,1011.9,,,94,3.1,110,,,,,,,,,,,,,20,801,Clouds,few clouds,02n
121718,1193936400,2007-11-02 00:00:00,28800,Denpasar,-8.652497,115.219117,26.22,26.22,26.22,1011.0,,,86,5.32,100,,,,,,,,,,,,,89,804,Clouds,overcast clouds,04n
121719,1193940000,2007-11-02 01:00:00,28800,Denpasar,-8.652497,115.219117,28.4,28.4,28.4,1010.4,,,80,2.6,110,,,0.0,,,,,,,,,,20,801,Clouds,few clouds,02n
121720,1193943600,2007-11-02 02:00:00,28800,Denpasar,-8.652497,115.219117,28.4,28.4,28.4,1010.4,,,80,2.6,110,,,0.0,,,,,,,,,,20,801,Clouds,few clouds,02n
121721,1193947200,2007-11-02 03:00:00,28800,Denpasar,-8.652497,115.219117,25.2,25.2,25.2,1009.1,,,99,2.6,130,,,0.0,,,,,,,,,,40,802,Clouds,scattered clouds,03n
121722,1193950800,2007-11-02 04:00:00,28800,Denpasar,-8.652497,115.219117,26.43,26.43,26.43,1011.0,,,85,5.54,96,0.17,,,,,,,,,,,,88,500,Rain,light rain,10n
121723,1193954400,2007-11-02 05:00:00,28800,Denpasar,-8.652497,115.219117,26.0,26.0,26.0,1010.8,,,94,4.1,120,,,,,,,,,,,,,75,803,Clouds,broken clouds,04d
121724,1193958000,2007-11-02 06:00:00,28800,Denpasar,-8.652497,115.219117,27.0,27.0,27.0,1010.8,,,100,2.6,120,,,,,,,,,,,,,40,802,Clouds,scattered clouds,03d
121725,1193961600,2007-11-02 07:00:00,28800,Denpasar,-8.652497,115.219117,28.0,28.0,28.0,1011.7,,,83,3.1,110,,,0.0,,,,,,,,,,40,802,Clouds,scattered clouds,03d
121726,1193965200,2007-11-02 08:00:00,28800,Denpasar,-8.652497,115.219117,30.0,30.0,30.0,1011.9,,,79,3.6,90,,,,,,,,,,,,,40,802,Clouds,scattered clouds,03d
121727,1193968800,2007-11-02 09:00:00,28800,Denpasar,-8.652497,115.219117,27.04,27.04,27.04,1012.0,,,82,5.52,106,,,,,,,,,,,,,90,804,Clouds,overcast clouds,04d
121728,1193972400,2007-11-02 10:00:00,28800,Denpasar,-8.652497,115.219117,26.97,26.97,26.97,1012.0,,,83,5.55,113,,,,,,,,,,,,,94,804,Clouds,overcast clouds,04d
121729,1193976000,2007-11-02 11:00:00,28800,Denpasar,-8.652497,115.219117,31.0,31.0,31.0,1010.8,,,70,5.1,110,,,,,,,,,,,,,40,802,Clouds,scattered clouds,03d
121730,1193979600,2007-11-02 12:00:00,28800,Denpasar,-8.652497,115.219117,31.0,31.0,31.0,1010.2,,,70,5.1,110,,,,,,,,,,,,,40,802,Clouds,scattered clouds,03d
121731,1193983200,2007-11-02 13:00:00,28800,Denpasar,-8.652497,115.219117,30.8,30.8,30.8,1009.1,,,65,4.6,130,,,0.0,,,,,,,,,,40,802,Clouds,scattered clouds,03d
121732,1193986800,2007-11-02 14:00:00,28800,Denpasar,-8.652497,115.219117,31.0,31.0,31.0,1009.1,,,70,6.2,120,,,,,,,,,,,,,40,802,Clouds,scattered clouds,03d
121733,1193990400,2007-11-02 15:00:00,28800,Denpasar,-8.652497,115.219117,30.0,30.0,30.0,1009.1,,,74,5.1,120,,,,,,,,,,,,,40,802,Clouds,scattered clouds,03d
121734,1193994000,2007-11-02 16:00:00,28800,Denpasar,-8.652497,115.219117,29.2,29.2,29.2,1009.1,,,75,4.1,130,,,0.0,,,,,,,,,,40,802,Clouds,scattered clouds,03d
121735,1193997600,2007-11-02 17:00:00,28800,Denpasar,-8.652497,115.219117,28.0,28.0,28.0,1010.2,,,83,3.6,130,,,,,,,,,,,,,40,802,Clouds,scattered clouds,03d
121736,1194001200,2007-11-02 18:00:00,28800,Denpasar,-8.652497,115.219117,28.0,28.0,28.0,1010.8,,,83,3.1,130,,,,,,,,,,,,,40,802,Clouds,scattered clouds,03n
121737,1194004800,2007-11-02 19:00:00,28800,Denpasar,-8.652497,115.219117,27.4,27.4,27.4,1011.5,,,84,3.1,130,,,0.0,,,,,,,,,,40,802,Clouds,scattered clouds,03n
121738,1194008400,2007-11-02 20:00:00,28800,Denpasar,-8.652497,115.219117,26.73,26.73,26.73,1013.0,,,86,5.69,118,0.14,,,,,,,,,,,,86,500,Rain,light rain,10n
121739,1194012000,2007-11-02 21:00:00,28800,Denpasar,-8.652497,115.219117,26.75,26.75,26.75,1013.0,,,85,5.52,116,,,,,,,,,,,,,86,804,Clouds,overcast clouds,04n
121740,1194015600,2007-11-02 22:00:00,28800,Denpasar,-8.652497,115.219117,27.0,27.0,27.0,1012.9,,,85,1.5,120,,,0.0,,,,,,,,,,20,801,Clouds,few clouds,02n
121741,1194019200,2007-11-02 23:00:00,28800,Denpasar,-8.652497,115.219117,27.0,27.0,27.0,1012.9,,,85,1.5,120,,,0.0,,,,,,,,,,20,801,Clouds,few clouds,02n
121742,1194022800,2007-11-03 00:00:00,28800,Denpasar,-8.652497,115.219117,26.0,26.0,26.0,1011.6,,,93,3.1,90,,,0.0,,,,,,,,,,20,801,Clouds,few clouds,02n
121743,1194026400,2007-11-03 01:00:00,28800,Denpasar,-8.652497,115.219117,26.0,26.0,26.0,1011.6,,,93,3.1,90,,,0.0,,,,,,,,,,20,801,Clouds,few clouds,02n
121744,1194030000,2007-11-03 02:00:00,28800,Denpasar,-8.652497,115.219117,26.0,26.0,26.0,1011.6,,,93,3.1,90,,,0.0,,,,,,,,,,20,801,Clouds,few clouds,02n
121745,1194033600,2007-11-03 03:00:00,28800,Denpasar,-8.652497,115.219117,26.4,26.4,26.4,1010.8,,,88,3.1,100,,,0.0,,,,,,,,,,20,801,Clouds,few clouds,02n
121746,1194037200,2007-11-03 04:00:00,28800,Denpasar,-8.652497,115.219117,26.52,26.52,26.52,1012.0,,,84,5.47,110,,,,,,,,,,,,,92,804,Clouds,overcast clouds,04n
121747,1194040800,2007-11-03 05:00:00,28800,Denpasar,-8.652497,115.219117,26.0,26.0,26.0,1011.9,,,88,2.1,100,,,,,,,,,,,,,40,802,Clouds,scattered clouds,03d
121748,1194044400,2007-11-03 06:00:00,28800,Denpasar,-8.652497,115.219117,27.0,27.0,27.0,1012.9,,,83,2.6,100,,,,,,,,,,,,,20,801,Clouds,few clouds,02d
121749,1194048000,2007-11-03 07:00:00,28800,Denpasar,-8.652497,115.219117,28.2,28.2,28.2,1012.9,,,80,3.1,120,,,0.0,,,,,,,,,,75,803,Clouds,broken clouds,04d
121750,1194051600,2007-11-03 08:00:00,28800,Denpasar,-8.652497,115.219117,29.0,29.0,29.0,1012.9,,,70,3.1,130,,,,,,,,,,,,,75,803,Clouds,broken clouds,04d
121751,1194055200,2007-11-03 09:00:00,28800,Denpasar,-8.652497,115.219117,30.0,30.0,30.0,1012.9,,,70,3.6,120,,,,,,,,,,,,,75,803,Clouds,broken clouds,04d
121752,1194058800,2007-11-03 10:00:00,28800,Denpasar,-8.652497,115.219117,29.8,29.8,29.8,1011.9,,,67,4.6,100,,,0.0,,,,,,,,,,40,802,Clouds,scattered clouds,03d
121753,1194062400,2007-11-03 11:00:00,28800,Denpasar,-8.652497,115.219117,30.0,30.0,30.0,1011.9,,,66,4.6,110,,,,,,,,,,,,,20,801,Clouds,few clouds,02d
121754,1194066000,2007-11-03 12:00:00,28800,Denpasar,-8.652497,115.219117,31.0,31.0,31.0,1010.8,,,62,4.6,100,,,,,,,,,,,,,40,802,Clouds,scattered clouds,03d
121755,1194069600,2007-11-03 13:00:00,28800,Denpasar,-8.652497,115.219117,30.3,30.3,30.3,1009.1,,,66,5.1,110,,,0.0,,,,,,,,,,20,801,Clouds,few clouds,02d
121756,1194073200,2007-11-03 14:00:00,28800,Denpasar,-8.652497,115.219117,26.44,26.44,26.44,1009.0,,,85,5.63,141,,,,,,,,,,,,,40,802,Clouds,scattered clouds,03d
121757,1194076800,2007-11-03 15:00:00,28800,Denpasar,-8.652497,115.219117,26.42,26.42,26.42,1009.0,,,85,5.3,146,,,,,,,,,,,,,46,802,Clouds,scattered clouds,03d
121758,1194080400,2007-11-03 16:00:00,28800,Denpasar,-8.652497,115.219117,29.2,29.2,29.2,1008.3,,,71,3.6,110,,,0.0,,,,,,,,,,20,801,Clouds,few clouds,02d
121759,1194084000,2007-11-03 17:00:00,28800,Denpasar,-8.652497,115.219117,28.0,28.0,28.0,1009.1,,,78,2.1,140,,,,,,,,,,,,,20,801,Clouds,few clouds,02d
121760,1194087600,2007-11-03 18:00:00,28800,Denpasar,-8.652497,115.219117,27.0,27.0,27.0,1010.2,,,88,2.1,170,,,,,,,,,,,,,20,801,Clouds,few clouds,02n
121761,1194091200,2007-11-03 19:00:00,28800,Denpasar,-8.652497,115.219117,27.0,27.0,27.0,1010.0,,,81,1.0,150,,,0.0,,,,,,,,,,40,802,Clouds,scattered clouds,03n
121762,1194094800,2007-11-03 20:00:00,28800,Denpasar,-8.652497,115.219117,27.0,27.0,27.0,1010.8,,,83,0.5,170,,,,,,,,,,,,,20,801,Clouds,few clouds,02n
121763,1194098400,2007-11-03 21:00:00,28800,Denpasar,-8.652497,115.219117,26.0,26.0,26.0,1011.9,,,88,2.45,151,,,,,,,,,,,,,20,801,Clouds,few clouds,02n
121764,1194102000,2007-11-03 22:00:00,28800,Denpasar,-8.652497,115.219117,25.8,25.8,25.8,1011.9,,,87,1.98,162,,,0.0,,,,,,,,,,20,801,Clouds,few clouds,02n
121765,1194105600,2007-11-03 23:00:00,28800,Denpasar,-8.652497,115.219117,25.0,25.0,25.0,1011.9,,,94,1.68,160,,,,,,,,,,,,,20,801,Clouds,few clouds,02n
121766,1194109200,2007-11-04 00:00:00,28800,Denpasar,-8.652497,115.219117,25.0,25.0,25.0,1010.8,,,94,1.38,141,,,,,,,,,,,,,20,801,Clouds,few clouds,02n
121767,1194112800,2007-11-04 01:00:00,28800,Denpasar,-8.652497,115.219117,25.0,25.0,25.0,1010.8,,,91,1.16,122,,,0.0,,,,,,,,,,20,801,Clouds,few clouds,02n
121768,1194116400,2007-11-04 02:00:00,28800,Denpasar,-8.652497,115.219117,25.0,25.0,25.0,1010.8,,,91,1.46,130,,,0.0,,,,,,,,,,20,801,Clouds,few clouds,02n
121769,1194120000,2007-11-04 03:00:00,28800,Denpasar,-8.652497,115.219117,24.4,24.4,24.4,1010.8,,,91,2.23,138,,,0.0,,,,,,,,,,20,801,Clouds,few clouds,02n
121770,1194123600,2007-11-04 04:00:00,28800,Denpasar,-8.652497,115.219117,26.21,26.21,26.21,1011.0,,,84,2.98,136,,,,,,,,,,,,,34,802,Clouds,scattered clouds,03n
121771,1194127200,2007-11-04 05:00:00,28800,Denpasar,-8.652497,115.219117,25.0,25.0,25.0,1010.8,,,94,3.24,124,,,,,,,,,,,,,40,802,Clouds,scattered clouds,03d
121772,1194130800,2007-11-04 06:00:00,28800,Denpasar,-8.652497,115.219117,26.25,26.25,26.25,1012.0,,,83,3.31,117,,,,,,,,,,,,,25,802,Clouds,scattered clouds,03d
121773,1194134400,2007-11-04 07:00:00,28800,Denpasar,-8.652497,115.219117,26.45,26.45,26.45,1013.0,,,82,3.3,113,,,,,,,,,,,,,23,801,Clouds,few clouds,02d
121774,1194138000,2007-11-04 08:00:00,28800,Denpasar,-8.652497,115.219117,30.0,30.0,30.0,1012.9,,,70,3.1,110,,,,,,,,,,,,,40,802,Clouds,scattered clouds,03d
121775,1194141600,2007-11-04 09:00:00,28800,Denpasar,-8.652497,115.219117,31.0,31.0,31.0,1011.9,,,66,3.1,110,,,,,,,,,,,,,40,802,Clouds,scattered clouds,03d
121776,1194145200,2007-11-04 10:00:00,28800,Denpasar,-8.652497,115.219117,30.3,30.3,30.3,1011.9,,,65,4.1,90,,,0.0,,,,,,,,,,20,801,Clouds,few clouds,02d
121777,1194148800,2007-11-04 11:00:00,28800,Denpasar,-8.652497,115.219117,39.0,39.0,39.0,1010.8,,,40,3.6,100,,,,,,,,,,,,,20,801,Clouds,few clouds,02d
121778,1194152400,2007-11-04 12:00:00,28800,Denpasar,-8.652497,115.219117,32.0,32.0,32.0,1010.2,,,62,4.1,120,,,,,,,,,,,,,20,801,Clouds,few clouds,02d
121779,1194156000,2007-11-04 13:00:00,28800,Denpasar,-8.652497,115.219117,32.0,32.0,32.0,1009.1,,,62,4.1,130,,,0.0,,,,,,,,,,20,801,Clouds,few clouds,02d
121780,1194159600,2007-11-04 14:00:00,28800,Denpasar,-8.652497,115.219117,32.0,32.0,32.0,1008.1,,,62,4.6,130,,,,,,,,,,,,,20,801,Clouds,few clouds,02d
121781,1194163200,2007-11-04 15:00:00,28800,Denpasar,-8.652497,115.219117,31.0,31.0,31.0,1008.1,,,66,4.1,160,,,,,,,,,,,,,20,801,Clouds,few clouds,02d
121782,1194166800,2007-11-04 16:00:00,28800,Denpasar,-8.652497,115.219117,30.0,30.0,30.0,1009.1,,,67,3.1,150,,,0.0,,,,,,,,,,20,801,Clouds,few clouds,02d
121783,1194170400,2007-11-04 17:00:00,28800,Denpasar,-8.652497,115.219117,28.0,28.0,28.0,1009.1,,,78,3.1,150,,,,,,,,,,,,,40,802,Clouds,scattered clouds,03d
121784,1194174000,2007-11-04 18:00:00,28800,Denpasar,-8.652497,115.219117,28.0,28.0,28.0,1010.2,,,78,2.1,150,,,,,,,,,,,,,40,802,Clouds,scattered clouds,03n
121785,1194177600,2007-11-04 19:00:00,28800,Denpasar,-8.652497,115.219117,27.6,27.6,27.6,1010.2,,,81,2.6,140,,,0.0,,,,,,,,,,40,802,Clouds,scattered clouds,03n
121786,1194181200,2007-11-04 20:00:00,28800,Denpasar,-8.652497,115.219117,27.0,27.0,27.0,1010.8,,,83,1.5,140,,,,,,,,,,,,,20,801,Clouds,few clouds,02n
121787,1194184800,2007-11-04 21:00:00,28800,Denpasar,-8.652497,115.219117,27.0,27.0,27.0,1011.9,,,83,3.32,127,,,,,,,,,,,,,40,802,Clouds,scattered clouds,03n
121788,1194188400,2007-11-04 22:00:00,28800,Denpasar,-8.652497,115.219117,26.8,26.8,26.8,1011.9,,,84,3.2,120,,,0.0,,,,,,,,,,40,802,Clouds,scattered clouds,03n
121789,1194192000,2007-11-04 23:00:00,28800,Denpasar,-8.652497,115.219117,27.0,27.0,27.0,1011.9,,,83,1.0,160,,,,,,,,,,,,,40,802,Clouds,scattered clouds,03n
121790,1194195600,2007-11-05 00:00:00,28800,Denpasar,-8.652497,115.219117,27.0,27.0,27.0,1010.8,,,83,1.0,190,,,,,,,,,,,,,40,802,Clouds,scattered clouds,03n
121791,1194199200,2007-11-05 01:00:00,28800,Denpasar,-8.652497,115.219117,26.9,26.9,26.9,1010.2,,,83,1.5,150,,,0.0,,,,,,,,,,40,802,Clouds,scattered clouds,03n
121792,1194202800,2007-11-05 02:00:00,28800,Denpasar,-8.652497,115.219117,27.0,27.0,27.0,1010.2,,,83,1.5,150,,,,,,,,,,,,,20,801,Clouds,few clouds,02n
121793,1194206400,2007-11-05 03:00:00,28800,Denpasar,-8.652497,115.219117,26.11,26.11,26.11,1010.0,,,86,4.03,135,,,,,,,,,,,,,60,803,Clouds,broken clouds,04n
121794,1194210000,2007-11-05 04:00:00,28800,Denpasar,-8.652497,115.219117,26.07,26.07,26.07,1011.0,,,86,4.38,135,0.14,,,,,,,,,,,,60,500,Rain,light rain,10n
121795,1194213600,2007-11-05 05:00:00,28800,Denpasar,-8.652497,115.219117,26.0,26.0,26.0,1010.2,,,88,4.34,129,,,,,,,,,,,,,40,802,Clouds,scattered clouds,03d
121796,1194217200,2007-11-05 06:00:00,28800,Denpasar,-8.652497,115.219117,27.0,27.0,27.0,1010.8,,,88,1.5,150,,,,,,,,,,,,,40,802,Clouds,scattered clouds,03d
121797,1194220800,2007-11-05 07:00:00,28800,Denpasar,-8.652497,115.219117,27.7,27.7,27.7,1011.9,,,82,2.6,130,,,0.0,,,,,,,,,,40,802,Clouds,scattered clouds,03d
121798,1194224400,2007-11-05 08:00:00,28800,Denpasar,-8.652497,115.219117,31.0,31.0,31.0,1011.9,,,70,3.6,130,,,,,,,,,,,,,40,802,Clouds,scattered clouds,03d
121799,1194228000,2007-11-05 09:00:00,28800,Denpasar,-8.652497,115.219117,30.0,30.0,30.0,1011.9,,,74,3.6,120,,,,,,,,,,,,,40,802,Clouds,scattered clouds,03d
121800,1194231600,2007-11-05 10:00:00,28800,Denpasar,-8.652497,115.219117,30.8,30.8,30.8,1011.9,,,65,4.1,120,,,0.0,,,,,,,,,,40,802,Clouds,scattered clouds,03d
121801,1194235200,2007-11-05 11:00:00,28800,Denpasar,-8.652497,115.219117,31.0,31.0,31.0,1010.8,,,70,4.1,120,,,,,,,,,,,,,40,802,Clouds,scattered clouds,03d
121802,1194238800,2007-11-05 12:00:00,28800,Denpasar,-8.652497,115.219117,32.0,32.0,32.0,1010.2,,,66,4.1,120,,,,,,,,,,,,,40,802,Clouds,scattered clouds,03d
121803,1194242400,2007-11-05 13:00:00,28800,Denpasar,-8.652497,115.219117,31.6,31.6,31.6,1009.1,,,60,4.6,120,,,0.0,,,,,,,,,,20,801,Clouds,few clouds,02d
121804,1194246000,2007-11-05 14:00:00,28800,Denpasar,-8.652497,115.219117,33.0,33.0,33.0,1009.1,,,59,3.6,110,,,,,,,,,,,,,40,802,Clouds,scattered clouds,03d
121805,1194249600,2007-11-05 15:00:00,28800,Denpasar,-8.652497,115.219117,32.0,32.0,32.0,1008.1,,,66,4.1,120,,,,,,,,,,,,,40,802,Clouds,scattered clouds,03d
121806,1194253200,2007-11-05 16:00:00,28800,Denpasar,-8.652497,115.219117,30.2,30.2,30.2,1008.1,,,69,2.6,120,,,0.0,,,,,,,,,,20,801,Clouds,few clouds,02d
121807,1194256800,2007-11-05 17:00:00,28800,Denpasar,-8.652497,115.219117,29.0,29.0,29.0,1009.1,,,79,4.1,130,,,,,,,,,,,,,20,801,Clouds,few clouds,02d
121808,1194260400,2007-11-05 18:00:00,28800,Denpasar,-8.652497,115.219117,26.38,26.38,26.38,1010.0,,,83,3.41,158,,,,,,,,,,,,,11,801,Clouds,few clouds,02n
121809,1194264000,2007-11-05 19:00:00,28800,Denpasar,-8.652497,115.219117,26.41,26.41,26.41,1011.0,,,84,3.36,146,,,,,,,,,,,,,18,801,Clouds,few clouds,02n
121810,1194267600,2007-11-05 20:00:00,28800,Denpasar,-8.652497,115.219117,27.0,27.0,27.0,1010.8,,,88,1.0,140,,,,,,,,,,,,,20,801,Clouds,few clouds,02n
121811,1194271200,2007-11-05 21:00:00,28800,Denpasar,-8.652497,115.219117,27.0,27.0,27.0,1010.8,,,88,1.5,160,,,,,,,,,,,,,40,802,Clouds,scattered clouds,03n
121812,1194274800,2007-11-05 22:00:00,28800,Denpasar,-8.652497,115.219117,27.0,27.0,27.0,1011.2,,,85,1.5,140,,,0.0,,,,,,,,,,40,802,Clouds,scattered clouds,03n
121813,1194278400,2007-11-05 23:00:00,28800,Denpasar,-8.652497,115.219117,27.0,27.0,27.0,1010.8,,,88,1.5,140,,,,,,,,,,,,,20,801,Clouds,few clouds,02n
121814,1194282000,2007-11-06 00:00:00,28800,Denpasar,-8.652497,115.219117,26.0,26.0,26.0,1010.8,,,88,2.89,128,,,,,,,,,,,,,20,801,Clouds,few clouds,02n
121815,1194285600,2007-11-06 01:00:00,28800,Denpasar,-8.652497,115.219117,26.0,26.0,26.0,1010.2,,,88,2.82,131,,,0.0,,,,,,,,,,20,801,Clouds,few clouds,02n
121816,1194289200,2007-11-06 02:00:00,28800,Denpasar,-8.652497,115.219117,26.64,26.64,26.64,1010.0,,,82,2.82,130,,,,,,,,,,,,,83,803,Clouds,broken clouds,04n
121817,1194292800,2007-11-06 03:00:00,28800,Denpasar,-8.652497,115.219117,26.64,26.64,26.64,1010.0,,,82,2.95,128,,,,,,,,,,,,,68,803,Clouds,broken clouds,04n
121818,1194296400,2007-11-06 04:00:00,28800,Denpasar,-8.652497,115.219117,25.6,25.6,25.6,1010.2,,,93,3.39,125,,,0.0,,,,,,,,,,40,802,Clouds,scattered clouds,03n
121819,1194300000,2007-11-06 05:00:00,28800,Denpasar,-8.652497,115.219117,26.0,26.0,26.0,1010.8,,,94,3.69,123,,,,,,,,,,,,,20,801,Clouds,few clouds,02d
121820,1194303600,2007-11-06 06:00:00,28800,Denpasar,-8.652497,115.219117,27.0,27.0,27.0,1010.8,,,88,1.0,30,,,,,,,,,,,,,75,803,Clouds,broken clouds,04d
121821,1194307200,2007-11-06 07:00:00,28800,Denpasar,-8.652497,115.219117,29.2,29.2,29.2,1011.9,,,74,2.6,120,,,0.0,,,,,,,,,,75,803,Clouds,broken clouds,04d
121822,1194310800,2007-11-06 08:00:00,28800,Denpasar,-8.652497,115.219117,31.0,31.0,31.0,1011.9,,,70,4.1,110,,,,,,,,,,,,,40,802,Clouds,scattered clouds,03d
121823,1194314400,2007-11-06 09:00:00,28800,Denpasar,-8.652497,115.219117,32.0,32.0,32.0,1011.9,,,66,4.1,110,,,,,,,,,,,,,20,801,Clouds,few clouds,02d
121824,1194318000,2007-11-06 10:00:00,28800,Denpasar,-8.652497,115.219117,30.4,30.4,30.4,1010.8,,,69,4.1,110,,,0.0,,,,,,,,,,20,801,Clouds,few clouds,02d
121825,1194321600,2007-11-06 11:00:00,28800,Denpasar,-8.652497,115.219117,31.0,31.0,31.0,1010.2,,,66,3.6,120,,,,,,,,,,,,,20,801,Clouds,few clouds,02d
121826,1194325200,2007-11-06 12:00:00,28800,Denpasar,-8.652497,115.219117,31.0,31.0,31.0,1009.1,,,62,4.6,110,,,,,,,,,,,,,20,801,Clouds,few clouds,02d
121827,1194328800,2007-11-06 13:00:00,28800,Denpasar,-8.652497,115.219117,31.5,31.5,31.5,1009.1,,,63,3.6,110,,,0.0,,,,,,,,,,20,801,Clouds,few clouds,02d
121828,1194332400,2007-11-06 14:00:00,28800,Denpasar,-8.652497,115.219117,32.0,32.0,32.0,1008.1,,,62,3.6,120,,,,,,,,,,,,,20,801,Clouds,few clouds,02d
121829,1194336000,2007-11-06 15:00:00,28800,Denpasar,-8.652497,115.219117,31.0,31.0,31.0,1008.1,,,62,2.6,150,,,,,,,,,,,,,20,801,Clouds,few clouds,02d
121830,1194339600,2007-11-06 16:00:00,28800,Denpasar,-8.652497,115.219117,30.4,30.4,30.4,1008.1,,,67,2.6,130,,,0.0,,,,,,,,,,20,801,Clouds,few clouds,02d
121831,1194343200,2007-11-06 17:00:00,28800,Denpasar,-8.652497,115.219117,29.0,29.0,29.0,1009.1,,,79,2.1,130,,,,,,,,,,,,,40,802,Clouds,scattered clouds,03d
121832,1194346800,2007-11-06 18:00:00,28800,Denpasar,-8.652497,115.219117,28.0,28.0,28.0,1009.1,,,83,2.38,159,,,,,,,,,,,,,40,802,Clouds,scattered clouds,03n
121833,1194350400,2007-11-06 19:00:00,28800,Denpasar,-8.652497,115.219117,28.0,28.0,28.0,1009.7,,,81,1.5,140,,,0.0,,,,,,,,,,20,801,Clouds,few clouds,02n
121834,1194354000,2007-11-06 20:00:00,28800,Denpasar,-8.652497,115.219117,28.0,28.0,28.0,1010.8,,,83,1.5,150,,,,,,,,,,,,,40,802,Clouds,scattered clouds,03n
121835,1194357600,2007-11-06 21:00:00,28800,Denpasar,-8.652497,115.219117,28.0,28.0,28.0,1010.8,,,83,1.5,150,,,,,,,,,,,,,75,803,Clouds,broken clouds,04n
121836,1194361200,2007-11-06 22:00:00,28800,Denpasar,-8.652497,115.219117,28.0,28.0,28.0,1010.8,,,83,1.5,150,,,,,,,,,,,,,75,803,Clouds,broken clouds,04n
121837,1194364800,2007-11-06 23:00:00,28800,Denpasar,-8.652497,115.219117,28.0,28.0,28.0,1010.8,,,83,1.5,160,,,,,,,,,,,,,40,802,Clouds,scattered clouds,03n
121838,1194368400,2007-11-07 00:00:00,28800,Denpasar,-8.652497,115.219117,28.0,28.0,28.0,1010.2,,,83,1.0,150,,,,,,,,,,,,,20,801,Clouds,few clouds,02n
121839,1194372000,2007-11-07 01:00:00,28800,Denpasar,-8.652497,115.219117,27.4,27.4,27.4,1009.8,,,84,1.0,150,,,0.0,,,,,,,,,,40,802,Clouds,scattered clouds,03n
121840,1194375600,2007-11-07 02:00:00,28800,Denpasar,-8.652497,115.219117,27.4,27.4,27.4,1009.8,,,84,1.0,150,,,0.0,,,,,,,,,,40,802,Clouds,scattered clouds,03n
121841,1194379200,2007-11-07 03:00:00,28800,Denpasar,-8.652497,115.219117,27.0,27.0,27.0,1010.2,,,87,1.5,140,,,0.0,,,,,,,,,,40,211,Thunderstorm,thunderstorm,11n
121842,1194382800,2007-11-07 04:00:00,28800,Denpasar,-8.652497,115.219117,26.44,26.44,26.44,1010.0,,,88,4.09,118,0.12,,,,,,,,,,,,81,500,Rain,light rain,10n
121843,1194386400,2007-11-07 05:00:00,28800,Denpasar,-8.652497,115.219117,28.0,28.0,28.0,1010.2,,,83,1.5,140,,,,,,,,,,,,,40,211,Thunderstorm,thunderstorm,11d
121844,1194390000,2007-11-07 06:00:00,28800,Denpasar,-8.652497,115.219117,28.0,28.0,28.0,1010.8,,,88,2.6,120,,,,,,,,,,,,,40,211,Thunderstorm,thunderstorm,11d
121845,1194393600,2007-11-07 07:00:00,28800,Denpasar,-8.652497,115.219117,28.2,28.2,28.2,1011.9,,,84,2.6,130,,,0.0,,,,,,,,,,40,802,Clouds,scattered clouds,03d
121846,1194397200,2007-11-07 08:00:00,28800,Denpasar,-8.652497,115.219117,30.0,30.0,30.0,1010.8,,,74,4.1,120,,,,,,,,,,,,,40,802,Clouds,scattered clouds,03d
121847,1194400800,2007-11-07 09:00:00,28800,Denpasar,-8.652497,115.219117,31.0,31.0,31.0,1011.9,,,70,4.1,120,,,,,,,,,,,,,40,802,Clouds,scattered clouds,03d
121848,1194404400,2007-11-07 10:00:00,28800,Denpasar,-8.652497,115.219117,31.6,31.6,31.6,1010.8,,,69,4.1,100,,,0.0,,,,,,,,,,40,802,Clouds,scattered clouds,03d
121849,1194408000,2007-11-07 11:00:00,28800,Denpasar,-8.652497,115.219117,32.0,32.0,32.0,1010.2,,,66,5.1,110,,,,,,,,,,,,,40,802,Clouds,scattered clouds,03d
121850,1194411600,2007-11-07 12:00:00,28800,Denpasar,-8.652497,115.219117,32.0,32.0,32.0,1009.1,,,66,4.6,120,,,,,,,,,,,,,40,802,Clouds,scattered clouds,03d
121851,1194415200,2007-11-07 13:00:00,28800,Denpasar,-8.652497,115.219117,30.2,30.2,30.2,1008.1,,,74,3.6,120,,,0.0,,,,,,,,,,40,802,Clouds,scattered clouds,03d
121852,1194418800,2007-11-07 14:00:00,28800,Denpasar,-8.652497,115.219117,30.0,30.0,30.0,1007.1,,,74,1.5,150,,,,,,,,,,,,,40,802,Clouds,scattered clouds,03d
121853,1194422400,2007-11-07 15:00:00,28800,Denpasar,-8.652497,115.219117,30.0,30.0,30.0,1007.1,,,74,2.1,160,,,,,,,,,,,,,40,802,Clouds,scattered clouds,03d
121854,1194426000,2007-11-07 16:00:00,28800,Denpasar,-8.652497,115.219117,30.2,30.2,30.2,1005.1,,,72,2.6,130,,,0.0,,,,,,,,,,40,802,Clouds,scattered clouds,03d
121855,1194429600,2007-11-07 17:00:00,28800,Denpasar,-8.652497,115.219117,27.28,27.28,27.28,1009.0,,,87,4.59,116,0.65,,,,,,,,,,,,100,500,Rain,light rain,10d
121856,1194433200,2007-11-07 18:00:00,28800,Denpasar,-8.652497,115.219117,27.06,27.06,27.06,1009.0,,,88,4.37,116,0.25,,,,,,,,,,,,99,500,Rain,light rain,10n
121857,1194436800,2007-11-07 19:00:00,28800,Denpasar,-8.652497,115.219117,26.0,26.0,26.0,1010.2,,,84,2.1,50,,,0.0,,,,,,,,,,75,803,Clouds,broken clouds,04n
121858,1194440400,2007-11-07 20:00:00,28800,Denpasar,-8.652497,115.219117,26.0,26.0,26.0,1010.8,,,83,4.56,129,,,,,,,,,,,,,40,802,Clouds,scattered clouds,03n
121859,1194444000,2007-11-07 21:00:00,28800,Denpasar,-8.652497,115.219117,26.0,26.0,26.0,1010.8,,,83,4.1,121,,,,,,,,,,,,,40,802,Clouds,scattered clouds,03n
121860,1194447600,2007-11-07 22:00:00,28800,Denpasar,-8.652497,115.219117,26.4,26.4,26.4,1010.8,,,85,3.35,119,,,0.0,,,,,,,,,,40,802,Clouds,scattered clouds,03n
121861,1194451200,2007-11-07 23:00:00,28800,Denpasar,-8.652497,115.219117,27.0,27.0,27.0,1010.8,,,83,3.42,127,,,,,,,,,,,,,40,802,Clouds,scattered clouds,03n
121862,1194454800,2007-11-08 00:00:00,28800,Denpasar,-8.652497,115.219117,26.67,26.67,26.67,1010.0,,,90,3.87,126,0.2,,,,,,,,,,,,87,500,Rain,light rain,10n
121863,1194458400,2007-11-08 01:00:00,28800,Denpasar,-8.652497,115.219117,25.8,25.8,25.8,1010.6,,,92,3.99,127,,,0.0,,,,,,,,,,40,802,Clouds,scattered clouds,03n
121864,1194462000,2007-11-08 02:00:00,28800,Denpasar,-8.652497,115.219117,26.55,26.55,26.55,1009.0,,,90,4.11,123,0.21,,,,,,,,,,,,49,500,Rain,light rain,10n
121865,1194465600,2007-11-08 03:00:00,28800,Denpasar,-8.652497,115.219117,26.47,26.47,26.47,1009.0,,,90,4.34,120,0.54,,,,,,,,,,,,52,500,Rain,light rain,10n
121866,1194469200,2007-11-08 04:00:00,28800,Denpasar,-8.652497,115.219117,26.8,26.8,26.8,1009.1,,,88,4.37,119,,,0.0,,,,,,,,,,40,802,Clouds,scattered clouds,03n
121867,1194472800,2007-11-08 05:00:00,28800,Denpasar,-8.652497,115.219117,26.0,26.0,26.0,1009.1,,,94,3.71,116,,,,,,,,,,,,,40,802,Clouds,scattered clouds,03d
121868,1194476400,2007-11-08 06:00:00,28800,Denpasar,-8.652497,115.219117,27.0,27.0,27.0,1010.2,,,94,3.68,116,,,,,,,,,,,,,40,802,Clouds,scattered clouds,03d
121869,1194480000,2007-11-08 07:00:00,28800,Denpasar,-8.652497,115.219117,28.4,28.4,28.4,1010.2,,,81,3.52,122,,,0.0,,,,,,,,,,40,802,Clouds,scattered clouds,03d
121870,1194483600,2007-11-08 08:00:00,28800,Denpasar,-8.652497,115.219117,27.58,27.58,27.58,1011.0,,,82,3.43,132,,,,,,,,,,,,,55,803,Clouds,broken clouds,04d
121871,1194487200,2007-11-08 09:00:00,28800,Denpasar,-8.652497,115.219117,27.58,27.58,27.58,1011.0,,,83,3.48,143,,,,,,,,,,,,,46,802,Clouds,scattered clouds,03d
121872,1194490800,2007-11-08 10:00:00,28800,Denpasar,-8.652497,115.219117,30.9,30.9,30.9,1010.2,,,67,3.1,100,,,0.0,,,,,,,,,,40,802,Clouds,scattered clouds,03d
121873,1194494400,2007-11-08 11:00:00,28800,Denpasar,-8.652497,115.219117,32.0,32.0,32.0,1009.1,,,62,2.6,90,,,,,,,,,,,,,40,802,Clouds,scattered clouds,03d
121874,1194498000,2007-11-08 12:00:00,28800,Denpasar,-8.652497,115.219117,32.0,32.0,32.0,1008.1,,,62,2.1,80,,,,,,,,,,,,,20,801,Clouds,few clouds,02d
121875,1194501600,2007-11-08 13:00:00,28800,Denpasar,-8.652497,115.219117,32.7,32.7,32.7,1007.1,,,62,2.1,280,,,0.0,,,,,,,,,,20,801,Clouds,few clouds,02d
121876,1194505200,2007-11-08 14:00:00,28800,Denpasar,-8.652497,115.219117,32.0,32.0,32.0,1006.1,,,66,4.1,250,,,,,,,,,,,,,20,801,Clouds,few clouds,02d
121877,1194508800,2007-11-08 15:00:00,28800,Denpasar,-8.652497,115.219117,32.0,32.0,32.0,1006.1,,,62,2.6,190,,,,,,,,,,,,,20,801,Clouds,few clouds,02d
121878,1194512400,2007-11-08 16:00:00,28800,Denpasar,-8.652497,115.219117,30.6,30.6,30.6,1009.1,,,64,2.1,180,,,0.0,,,,,,,,,,20,801,Clouds,few clouds,02d
121879,1194516000,2007-11-08 17:00:00,28800,Denpasar,-8.652497,115.219117,27.2,27.2,27.2,1008.0,,,85,3.87,182,,,,,,,,,,,,,92,804,Clouds,overcast clouds,04d
121880,1194519600,2007-11-08 18:00:00,28800,Denpasar,-8.652497,115.219117,27.08,27.08,27.08,1008.0,,,86,3.44,177,,,,,,,,,,,,,95,804,Clouds,overcast clouds,04n
121881,1194523200,2007-11-08 19:00:00,28800,Denpasar,-8.652497,115.219117,27.8,27.8,27.8,1008.7,,,80,2.41,167,,,0.0,,,,,,,,,,20,801,Clouds,few clouds,02n
121882,1194526800,2007-11-08 20:00:00,28800,Denpasar,-8.652497,115.219117,27.8,27.8,27.8,1008.7,,,80,1.72,164,,,0.0,,,,,,,,,,20,801,Clouds,few clouds,02n
121883,1194530400,2007-11-08 21:00:00,28800,Denpasar,-8.652497,115.219117,25.6,25.6,25.6,1010.2,,,91,1.4,173,,,0.0,,,,,,,,,,20,801,Clouds,few clouds,02n
121884,1194534000,2007-11-08 22:00:00,28800,Denpasar,-8.652497,115.219117,25.6,25.6,25.6,1010.2,,,91,1.27,201,,,0.0,,,,,,,,,,20,801,Clouds,few clouds,02n
121885,1194537600,2007-11-08 23:00:00,28800,Denpasar,-8.652497,115.219117,25.6,25.6,25.6,1010.2,,,91,1.35,227,,,0.0,,,,,,,,,,20,801,Clouds,few clouds,02n
121886,1194541200,2007-11-09 00:00:00,28800,Denpasar,-8.652497,115.219117,25.7,25.7,25.7,1008.2,,,90,2.1,320,,,0.0,,,,,,,,,,93,804,Clouds,overcast clouds,04n
121887,1194544800,2007-11-09 01:00:00,28800,Denpasar,-8.652497,115.219117,25.7,25.7,25.7,1008.2,,,90,2.1,320,,,0.0,,,,,,,,,,92,804,Clouds,overcast clouds,04n
121888,1194548400,2007-11-09 02:00:00,28800,Denpasar,-8.652497,115.219117,25.7,25.7,25.7,1008.2,,,90,2.1,320,,,0.0,,,,,,,,,,95,804,Clouds,overcast clouds,04n
121889,1194552000,2007-11-09 03:00:00,28800,Denpasar,-8.652497,115.219117,25.4,25.4,25.4,1007.4,,,90,2.1,260,,,0.0,,,,,,,,,,20,801,Clouds,few clouds,02n
121890,1194555600,2007-11-09 04:00:00,28800,Denpasar,-8.652497,115.219117,26.5,26.5,26.5,1008.0,,,82,2.55,285,,,,,,,,,,,,,95,804,Clouds,overcast clouds,04n
121891,1194559200,2007-11-09 05:00:00,28800,Denpasar,-8.652497,115.219117,25.0,25.0,25.0,1008.1,,,94,2.1,260,,,,,,,,,,,,,20,801,Clouds,few clouds,02d
121892,1194562800,2007-11-09 06:00:00,28800,Denpasar,-8.652497,115.219117,26.53,26.53,26.53,1009.0,,,82,3.11,268,,,,,,,,,,,,,97,804,Clouds,overcast clouds,04d
121893,1194566400,2007-11-09 07:00:00,28800,Denpasar,-8.652497,115.219117,26.63,26.63,26.63,1009.0,,,81,3.35,257,,,,,,,,,,,,,92,804,Clouds,overcast clouds,04d
121894,1194570000,2007-11-09 08:00:00,28800,Denpasar,-8.652497,115.219117,29.0,29.0,29.0,1009.1,,,74,4.1,250,,,,,,,,,,,,,40,802,Clouds,scattered clouds,03d
121895,1194573600,2007-11-09 09:00:00,28800,Denpasar,-8.652497,115.219117,30.0,30.0,30.0,1009.1,,,70,4.1,270,,,,,,,,,,,,,40,802,Clouds,scattered clouds,03d
121896,1194577200,2007-11-09 10:00:00,28800,Denpasar,-8.652497,115.219117,30.4,30.4,30.4,1009.1,,,67,4.6,260,,,0.0,,,,,,,,,,40,802,Clouds,scattered clouds,03d
121897,1194580800,2007-11-09 11:00:00,28800,Denpasar,-8.652497,115.219117,31.0,31.0,31.0,1009.1,,,66,5.7,270,,,,,,,,,,,,,20,801,Clouds,few clouds,02d
121898,1194584400,2007-11-09 12:00:00,28800,Denpasar,-8.652497,115.219117,31.0,31.0,31.0,1007.1,,,66,5.1,260,,,,,,,,,,,,,20,801,Clouds,few clouds,02d
121899,1194588000,2007-11-09 13:00:00,28800,Denpasar,-8.652497,115.219117,30.2,30.2,30.2,1006.6,,,66,5.7,250,,,0.0,,,,,,,,,,20,801,Clouds,few clouds,02d
121900,1194591600,2007-11-09 14:00:00,28800,Denpasar,-8.652497,115.219117,31.0,31.0,31.0,1006.1,,,66,6.2,260,,,,,,,,,,,,,20,801,Clouds,few clouds,02d
121901,1194595200,2007-11-09 15:00:00,28800,Denpasar,-8.652497,115.219117,30.0,30.0,30.0,1006.1,,,70,5.1,260,,,,,,,,,,,,,20,801,Clouds,few clouds,02d
121902,1194598800,2007-11-09 16:00:00,28800,Denpasar,-8.652497,115.219117,29.6,29.6,29.6,1007.0,,,71,4.6,260,,,0.0,,,,,,,,,,20,801,Clouds,few clouds,02d
121903,1194602400,2007-11-09 17:00:00,28800,Denpasar,-8.652497,115.219117,29.0,29.0,29.0,1007.1,,,74,3.6,250,,,,,,,,,,,,,40,802,Clouds,scattered clouds,03d
121904,1194606000,2007-11-09 18:00:00,28800,Denpasar,-8.652497,115.219117,28.0,28.0,28.0,1008.1,,,78,2.6,230,,,,,,,,,,,,,40,802,Clouds,scattered clouds,03n
121905,1194609600,2007-11-09 19:00:00,28800,Denpasar,-8.652497,115.219117,27.5,27.5,27.5,1008.3,,,78,2.6,250,,,0.0,,,,,,,,,,40,802,Clouds,scattered clouds,03n
121906,1194613200,2007-11-09 20:00:00,28800,Denpasar,-8.652497,115.219117,27.0,27.0,27.0,1009.1,,,83,1.5,250,,,,,,,,,,,,,20,801,Clouds,few clouds,02n
121907,1194616800,2007-11-09 21:00:00,28800,Denpasar,-8.652497,115.219117,27.0,27.0,27.0,1009.1,,,83,1.5,250,,,,,,,,,,,,,20,801,Clouds,few clouds,02n
121908,1194620400,2007-11-09 22:00:00,28800,Denpasar,-8.652497,115.219117,26.6,26.6,26.6,1009.1,,,82,2.6,260,,,0.0,,,,,,,,,,20,801,Clouds,few clouds,02n
121909,1194624000,2007-11-09 23:00:00,28800,Denpasar,-8.652497,115.219117,27.0,27.0,27.0,1009.1,,,83,2.6,270,,,,,,,,,,,,,40,802,Clouds,scattered clouds,03n
121910,1194627600,2007-11-10 00:00:00,28800,Denpasar,-8.652497,115.219117,26.0,26.0,26.0,1008.1,,,88,3.1,270,,,,,,,,,,,,,40,802,Clouds,scattered clouds,03n
121911,1194631200,2007-11-10 01:00:00,28800,Denpasar,-8.652497,115.219117,26.6,26.6,26.6,1007.6,,,82,4.1,280,,,0.0,,,,,,,,,,40,802,Clouds,scattered clouds,03n
121912,1194634800,2007-11-10 02:00:00,28800,Denpasar,-8.652497,115.219117,26.6,26.6,26.6,1007.6,,,82,4.1,280,,,0.0,,,,,,,,,,40,802,Clouds,scattered clouds,03n
121913,1194638400,2007-11-10 03:00:00,28800,Denpasar,-8.652497,115.219117,25.4,25.4,25.4,1007.1,,,89,2.6,330,,,0.0,,,,,,,,,,40,802,Clouds,scattered clouds,03n
121914,1194642000,2007-11-10 04:00:00,28800,Denpasar,-8.652497,115.219117,26.76,26.76,26.76,1008.0,,,81,5.26,272,,,,,,,,,,,,,13,801,Clouds,few clouds,02n
121915,1194645600,2007-11-10 05:00:00,28800,Denpasar,-8.652497,115.219117,26.0,26.0,26.0,1008.1,,,88,3.1,270,,,,,,,,,,,,,40,802,Clouds,scattered clouds,03d
121916,1194649200,2007-11-10 06:00:00,28800,Denpasar,-8.652497,115.219117,27.0,27.0,27.0,1009.1,,,83,3.1,270,,,,,,,,,,,,,40,802,Clouds,scattered clouds,03d
121917,1194652800,2007-11-10 07:00:00,28800,Denpasar,-8.652497,115.219117,28.4,28.4,28.4,1009.1,,,74,2.6,260,,,0.0,,,,,,,,,,20,801,Clouds,few clouds,02d
121918,1194656400,2007-11-10 08:00:00,28800,Denpasar,-8.652497,115.219117,30.0,30.0,30.0,1010.2,,,74,3.6,270,,,,,,,,,,,,,40,802,Clouds,scattered clouds,03d
121919,1194660000,2007-11-10 09:00:00,28800,Denpasar,-8.652497,115.219117,30.0,30.0,30.0,1009.1,,,74,4.6,290,,,,,,,,,,,,,20,801,Clouds,few clouds,02d
121920,1194663600,2007-11-10 10:00:00,28800,Denpasar,-8.652497,115.219117,29.0,29.0,29.0,1009.0,,,73,5.1,290,,,0.0,,,,,,,,,,40,802,Clouds,scattered clouds,03d
121921,1194667200,2007-11-10 11:00:00,28800,Denpasar,-8.652497,115.219117,32.0,32.0,32.0,1009.1,,,66,4.6,260,,,,,,,,,,,,,40,802,Clouds,scattered clouds,03d
121922,1194670800,2007-11-10 12:00:00,28800,Denpasar,-8.652497,115.219117,32.0,32.0,32.0,1008.1,,,62,4.6,260,,,,,,,,,,,,,40,802,Clouds,scattered clouds,03d
121923,1194674400,2007-11-10 13:00:00,28800,Denpasar,-8.652497,115.219117,30.4,30.4,30.4,1007.7,,,67,5.7,260,,,0.0,,,,,,,,,,20,801,Clouds,few clouds,02d
121924,1194678000,2007-11-10 14:00:00,28800,Denpasar,-8.652497,115.219117,31.0,31.0,31.0,1007.1,,,66,5.7,260,,,,,,,,,,,,,20,801,Clouds,few clouds,02d
121925,1194681600,2007-11-10 15:00:00,28800,Denpasar,-8.652497,115.219117,31.0,31.0,31.0,1006.1,,,66,4.6,250,,,,,,,,,,,,,20,801,Clouds,few clouds,02d
121926,1194685200,2007-11-10 16:00:00,28800,Denpasar,-8.652497,115.219117,30.0,30.0,30.0,1006.8,,,68,4.6,250,,,0.0,,,,,,,,,,20,801,Clouds,few clouds,02d
121927,1194688800,2007-11-10 17:00:00,28800,Denpasar,-8.652497,115.219117,28.0,28.0,28.0,1007.1,,,78,3.6,250,,,,,,,,,,,,,20,801,Clouds,few clouds,02d
121928,1194692400,2007-11-10 18:00:00,28800,Denpasar,-8.652497,115.219117,26.98,26.98,26.98,1008.0,,,79,4.4,232,,,,,,,,,,,,,12,801,Clouds,few clouds,02n
121929,1194696000,2007-11-10 19:00:00,28800,Denpasar,-8.652497,115.219117,27.01,27.01,27.01,1009.0,,,79,4.22,235,,,,,,,,,,,,,17,801,Clouds,few clouds,02n
121930,1194699600,2007-11-10 20:00:00,28800,Denpasar,-8.652497,115.219117,27.0,27.0,27.0,1009.1,,,78,2.1,250,,,,,,,,,,,,,20,801,Clouds,few clouds,02n
121931,1194703200,2007-11-10 21:00:00,28800,Denpasar,-8.652497,115.219117,27.0,27.0,27.0,1009.1,,,78,3.1,260,,,,,,,,,,,,,20,801,Clouds,few clouds,02n
121932,1194706800,2007-11-10 22:00:00,28800,Denpasar,-8.652497,115.219117,27.0,27.0,27.0,1009.5,,,82,2.1,250,,,0.0,,,,,,,,,,40,802,Clouds,scattered clouds,03n
121933,1194710400,2007-11-10 23:00:00,28800,Denpasar,-8.652497,115.219117,27.0,27.0,27.0,1008.1,,,83,1.0,240,,,,,,,,,,,,,20,801,Clouds,few clouds,02n
121934,1194714000,2007-11-11 00:00:00,28800,Denpasar,-8.652497,115.219117,26.99,26.99,26.99,1008.0,,,79,4.19,263,,,,,,,,,,,,,79,803,Clouds,broken clouds,04n
121935,1194717600,2007-11-11 01:00:00,28800,Denpasar,-8.652497,115.219117,26.7,26.7,26.7,1008.0,,,80,4.66,262,,,0.0,,,,,,,,,,40,802,Clouds,scattered clouds,03n
121936,1194721200,2007-11-11 02:00:00,28800,Denpasar,-8.652497,115.219117,26.7,26.7,26.7,1008.0,,,80,4.98,262,,,0.0,,,,,,,,,,40,802,Clouds,scattered clouds,03n
121937,1194724800,2007-11-11 03:00:00,28800,Denpasar,-8.652497,115.219117,26.5,26.5,26.5,1009.7,,,85,1.0,240,,,0.0,,,,,,,,,,20,801,Clouds,few clouds,02n
121938,1194728400,2007-11-11 04:00:00,28800,Denpasar,-8.652497,115.219117,26.7,26.7,26.7,1008.0,,,80,4.61,270,,,,,,,,,,,,,75,803,Clouds,broken clouds,04n
121939,1194732000,2007-11-11 05:00:00,28800,Denpasar,-8.652497,115.219117,26.0,26.0,26.0,1008.1,,,88,1.0,230,,,,,,,,,,,,,40,802,Clouds,scattered clouds,03d
121940,1194735600,2007-11-11 06:00:00,28800,Denpasar,-8.652497,115.219117,27.0,27.0,27.0,1008.1,,,83,3.11,277,,,,,,,,,,,,,20,801,Clouds,few clouds,02d
121941,1194739200,2007-11-11 07:00:00,28800,Denpasar,-8.652497,115.219117,28.5,28.5,28.5,1009.1,,,74,3.1,250,,,0.0,,,,,,,,,,20,801,Clouds,few clouds,02d
121942,1194742800,2007-11-11 08:00:00,28800,Denpasar,-8.652497,115.219117,30.0,30.0,30.0,1009.1,,,70,2.6,270,,,,,,,,,,,,,20,801,Clouds,few clouds,02d
121943,1194746400,2007-11-11 09:00:00,28800,Denpasar,-8.652497,115.219117,31.0,31.0,31.0,1009.1,,,66,3.6,270,,,,,,,,,,,,,20,801,Clouds,few clouds,02d
121944,1194750000,2007-11-11 10:00:00,28800,Denpasar,-8.652497,115.219117,30.6,30.6,30.6,1009.1,,,65,4.1,260,,,0.0,,,,,,,,,,20,801,Clouds,few clouds,02d
121945,1194753600,2007-11-11 11:00:00,28800,Denpasar,-8.652497,115.219117,30.0,30.0,30.0,1008.1,,,66,5.1,260,,,,,,,,,,,,,20,801,Clouds,few clouds,02d
121946,1194757200,2007-11-11 12:00:00,28800,Denpasar,-8.652497,115.219117,26.61,26.61,26.61,1009.0,,,81,5.1,228,,,,,,,,,,,,,14,801,Clouds,few clouds,02d
121947,1194760800,2007-11-11 13:00:00,28800,Denpasar,-8.652497,115.219117,26.63,26.63,26.63,1008.0,,,82,5.19,224,,,,,,,,,,,,,10,800,Clear,sky is clear,01d
121948,1194764400,2007-11-11 14:00:00,28800,Denpasar,-8.652497,115.219117,31.0,31.0,31.0,1007.1,,,66,6.2,260,,,,,,,,,,,,,20,801,Clouds,few clouds,02d
121949,1194768000,2007-11-11 15:00:00,28800,Denpasar,-8.652497,115.219117,31.0,31.0,31.0,1007.1,,,66,5.1,250,,,,,,,,,,,,,20,801,Clouds,few clouds,02d
121950,1194771600,2007-11-11 16:00:00,28800,Denpasar,-8.652497,115.219117,29.8,29.8,29.8,1006.1,,,67,5.1,260,,,0.0,,,,,,,,,,20,801,Clouds,few clouds,02d
121951,1194775200,2007-11-11 17:00:00,28800,Denpasar,-8.652497,115.219117,29.0,29.0,29.0,1007.1,,,79,3.6,260,,,,,,,,,,,,,20,801,Clouds,few clouds,02d
121952,1194778800,2007-11-11 18:00:00,28800,Denpasar,-8.652497,115.219117,28.0,28.0,28.0,1008.1,,,78,2.6,250,,,,,,,,,,,,,20,801,Clouds,few clouds,02n
121953,1194782400,2007-11-11 19:00:00,28800,Denpasar,-8.652497,115.219117,27.8,27.8,27.8,1008.1,,,77,2.6,250,,,0.0,,,,,,,,,,20,801,Clouds,few clouds,02n
121954,1194786000,2007-11-11 20:00:00,28800,Denpasar,-8.652497,115.219117,28.0,28.0,28.0,1009.1,,,78,2.1,240,,,,,,,,,,,,,40,802,Clouds,scattered clouds,03n
121955,1194789600,2007-11-11 21:00:00,28800,Denpasar,-8.652497,115.219117,28.0,28.0,28.0,1010.2,,,78,1.0,240,,,,,,,,,,,,,75,803,Clouds,broken clouds,04n
121956,1194793200,2007-11-11 22:00:00,28800,Denpasar,-8.652497,115.219117,27.6,27.6,27.6,1009.6,,,80,2.1,240,,,0.0,,,,,,,,,,20,801,Clouds,few clouds,02n
121957,1194796800,2007-11-11 23:00:00,28800,Denpasar,-8.652497,115.219117,27.0,27.0,27.0,1010.2,,,83,1.0,250,,,,,,,,,,,,,20,801,Clouds,few clouds,02n
121958,1194800400,2007-11-12 00:00:00,28800,Denpasar,-8.652497,115.219117,27.0,27.0,27.0,1009.1,,,83,3.45,245,,,,,,,,,,,,,20,801,Clouds,few clouds,02n
121959,1194804000,2007-11-12 01:00:00,28800,Denpasar,-8.652497,115.219117,26.0,26.0,26.0,1009.1,,,86,3.44,244,,,0.0,,,,,,,,,,40,802,Clouds,scattered clouds,03n
121960,1194807600,2007-11-12 02:00:00,28800,Denpasar,-8.652497,115.219117,26.0,26.0,26.0,1009.1,,,86,3.29,245,,,0.0,,,,,,,,,,40,802,Clouds,scattered clouds,03n
121961,1194811200,2007-11-12 03:00:00,28800,Denpasar,-8.652497,115.219117,25.6,25.6,25.6,1008.6,,,90,3.2,248,,,0.0,,,,,,,,,,20,801,Clouds,few clouds,02n
121962,1194814800,2007-11-12 04:00:00,28800,Denpasar,-8.652497,115.219117,25.6,25.6,25.6,1008.6,,,90,3.26,248,,,0.0,,,,,,,,,,20,801,Clouds,few clouds,02n
121963,1194818400,2007-11-12 05:00:00,28800,Denpasar,-8.652497,115.219117,25.6,25.6,25.6,1008.6,,,90,2.58,240,,,0.0,,,,,,,,,,20,801,Clouds,few clouds,02d
121964,1194822000,2007-11-12 06:00:00,28800,Denpasar,-8.652497,115.219117,28.0,28.0,28.0,1010.2,,,80,2.1,260,,,0.0,,,,,,,,,,40,802,Clouds,scattered clouds,03d
121965,1194825600,2007-11-12 07:00:00,28800,Denpasar,-8.652497,115.219117,26.79,26.79,26.79,1011.0,,,79,2.29,209,0.15,,,,,,,,,,,,38,500,Rain,light rain,10d
121966,1194829200,2007-11-12 08:00:00,28800,Denpasar,-8.652497,115.219117,31.0,31.0,31.0,1010.8,,,70,2.1,270,,,,,,,,,,,,,40,802,Clouds,scattered clouds,03d
121967,1194832800,2007-11-12 09:00:00,28800,Denpasar,-8.652497,115.219117,31.0,31.0,31.0,1010.8,,,66,2.1,270,,,,,,,,,,,,,40,802,Clouds,scattered clouds,03d
121968,1194836400,2007-11-12 10:00:00,28800,Denpasar,-8.652497,115.219117,30.0,30.0,30.0,1010.2,,,66,3.1,260,,,0.0,,,,,,,,,,40,802,Clouds,scattered clouds,03d
121969,1194840000,2007-11-12 11:00:00,28800,Denpasar,-8.652497,115.219117,32.0,32.0,32.0,1009.1,,,62,3.6,260,,,,,,,,,,,,,40,802,Clouds,scattered clouds,03d
121970,1194843600,2007-11-12 12:00:00,28800,Denpasar,-8.652497,115.219117,31.0,31.0,31.0,1008.1,,,66,4.1,270,,,,,,,,,,,,,40,802,Clouds,scattered clouds,03d
121971,1194847200,2007-11-12 13:00:00,28800,Denpasar,-8.652497,115.219117,31.3,31.3,31.3,1007.1,,,62,5.7,260,,,0.0,,,,,,,,,,40,802,Clouds,scattered clouds,03d
121972,1194850800,2007-11-12 14:00:00,28800,Denpasar,-8.652497,115.219117,32.0,32.0,32.0,1007.1,,,62,5.1,260,,,,,,,,,,,,,40,802,Clouds,scattered clouds,03d
121973,1194854400,2007-11-12 15:00:00,28800,Denpasar,-8.652497,115.219117,27.02,27.02,27.02,1007.0,,,81,4.14,214,,,,,,,,,,,,,64,803,Clouds,broken clouds,04d
121974,1194858000,2007-11-12 16:00:00,28800,Denpasar,-8.652497,115.219117,30.8,30.8,30.8,1007.1,,,64,2.6,200,,,0.0,,,,,,,,,,40,802,Clouds,scattered clouds,03d
121975,1194861600,2007-11-12 17:00:00,28800,Denpasar,-8.652497,115.219117,27.32,27.32,27.32,1008.0,,,78,2.4,221,,,,,,,,,,,,,74,803,Clouds,broken clouds,04d
121976,1194865200,2007-11-12 18:00:00,28800,Denpasar,-8.652497,115.219117,27.32,27.32,27.32,1009.0,,,77,1.83,207,,,,,,,,,,,,,89,804,Clouds,overcast clouds,04n
121977,1194868800,2007-11-12 19:00:00,28800,Denpasar,-8.652497,115.219117,28.0,28.0,28.0,1009.1,,,78,1.77,203,,,,,,,,,,,,,20,801,Clouds,few clouds,02n
121978,1194872400,2007-11-12 20:00:00,28800,Denpasar,-8.652497,115.219117,27.0,27.0,27.0,1010.2,,,83,1.82,206,,,,,,,,,,,,,20,801,Clouds,few clouds,02n
121979,1194876000,2007-11-12 21:00:00,28800,Denpasar,-8.652497,115.219117,27.0,27.0,27.0,1010.2,,,88,1.58,211,,,,,,,,,,,,,20,801,Clouds,few clouds,02n
121980,1194879600,2007-11-12 22:00:00,28800,Denpasar,-8.652497,115.219117,27.0,27.0,27.0,1010.2,,,88,1.64,216,,,,,,,,,,,,,20,801,Clouds,few clouds,02n
121981,1194883200,2007-11-12 23:00:00,28800,Denpasar,-8.652497,115.219117,26.0,26.0,26.0,1010.2,,,94,1.31,211,,,,,,,,,,,,,20,801,Clouds,few clouds,02n
121982,1194886800,2007-11-13 00:00:00,28800,Denpasar,-8.652497,115.219117,26.0,26.0,26.0,1009.1,,,94,0.77,195,,,,,,,,,,,,,40,802,Clouds,scattered clouds,03n
121983,1194890400,2007-11-13 01:00:00,28800,Denpasar,-8.652497,115.219117,26.0,26.0,26.0,1009.1,,,94,0.15,43,,,,,,,,,,,,,20,801,Clouds,few clouds,02n
121984,1194894000,2007-11-13 02:00:00,28800,Denpasar,-8.652497,115.219117,26.0,26.0,26.0,1009.1,,,94,0.26,326,,,,,,,,,,,,,20,801,Clouds,few clouds,02n
121985,1194897600,2007-11-13 03:00:00,28800,Denpasar,-8.652497,115.219117,25.8,25.8,25.8,1008.4,,,89,0.35,255,,,0.0,,,,,,,,,,40,802,Clouds,scattered clouds,03n
121986,1194901200,2007-11-13 04:00:00,28800,Denpasar,-8.652497,115.219117,26.37,26.37,26.37,1009.0,,,81,0.4,209,,,,,,,,,,,,,86,804,Clouds,overcast clouds,04n
121987,1194904800,2007-11-13 05:00:00,28800,Denpasar,-8.652497,115.219117,26.0,26.0,26.0,1009.1,,,94,1.5,20,,,,,,,,,,,,,40,802,Clouds,scattered clouds,03d
121988,1194908400,2007-11-13 06:00:00,28800,Denpasar,-8.652497,115.219117,26.0,26.0,26.0,1009.1,,,88,1.5,10,,,,,,,,,,,,,40,802,Clouds,scattered clouds,03d
121989,1194912000,2007-11-13 07:00:00,28800,Denpasar,-8.652497,115.219117,26.8,26.8,26.8,1009.8,,,84,1.0,300,,,0.0,,,,,,,,,,20,801,Clouds,few clouds,02d
121990,1194915600,2007-11-13 08:00:00,28800,Denpasar,-8.652497,115.219117,29.0,29.0,29.0,1010.2,,,70,1.5,280,,,,,,,,,,,,,20,801,Clouds,few clouds,02d
121991,1194919200,2007-11-13 09:00:00,28800,Denpasar,-8.652497,115.219117,29.0,29.0,29.0,1010.2,,,70,2.6,250,,,,,,,,,,,,,40,802,Clouds,scattered clouds,03d
121992,1194922800,2007-11-13 10:00:00,28800,Denpasar,-8.652497,115.219117,30.6,30.6,30.6,1009.8,,,67,3.1,240,,,0.0,,,,,,,,,,40,802,Clouds,scattered clouds,03d
121993,1194926400,2007-11-13 11:00:00,28800,Denpasar,-8.652497,115.219117,31.0,31.0,31.0,1010.2,,,70,4.1,250,,,,,,,,,,,,,40,802,Clouds,scattered clouds,03d
121994,1194930000,2007-11-13 12:00:00,28800,Denpasar,-8.652497,115.219117,32.0,32.0,32.0,1009.1,,,66,4.6,250,,,,,,,,,,,,,40,802,Clouds,scattered clouds,03d
121995,1194933600,2007-11-13 13:00:00,28800,Denpasar,-8.652497,115.219117,31.0,31.0,31.0,1007.1,,,70,3.6,250,,,,,,,,,,,,,40,802,Clouds,scattered clouds,03d
121996,1194937200,2007-11-13 14:00:00,28800,Denpasar,-8.652497,115.219117,33.0,33.0,33.0,1007.1,,,55,3.1,130,,,,,,,,,,,,,20,801,Clouds,few clouds,02d
121997,1194940800,2007-11-13 15:00:00,28800,Denpasar,-8.652497,115.219117,33.0,33.0,33.0,1006.1,,,59,3.1,160,,,,,,,,,,,,,20,801,Clouds,few clouds,02d
121998,1194944400,2007-11-13 16:00:00,28800,Denpasar,-8.652497,115.219117,30.8,30.8,30.8,1007.0,,,73,3.1,160,,,0.0,,,,,,,,,,20,801,Clouds,few clouds,02d
121999,1194948000,2007-11-13 17:00:00,28800,Denpasar,-8.652497,115.219117,30.0,30.0,30.0,1009.1,,,74,2.1,150,,,,,,,,,,,,,40,802,Clouds,scattered clouds,03d
122000,1194951600,2007-11-13 18:00:00,28800,Denpasar,-8.652497,115.219117,26.9,26.9,26.9,1009.0,,,80,0.94,60,,,,,,,,,,,,,18,801,Clouds,few clouds,02n
122001,1194955200,2007-11-13 19:00:00,28800,Denpasar,-8.652497,115.219117,26.69,26.69,26.69,1009.0,,,82,1.37,58,,,,,,,,,,,,,34,802,Clouds,scattered clouds,03n
122002,1194958800,2007-11-13 20:00:00,28800,Denpasar,-8.652497,115.219117,28.0,28.0,28.0,1010.2,,,83,1.5,140,,,,,,,,,,,,,40,802,Clouds,scattered clouds,03n
122003,1194962400,2007-11-13 21:00:00,28800,Denpasar,-8.652497,115.219117,28.0,28.0,28.0,1010.2,,,88,2.1,140,,,,,,,,,,,,,40,802,Clouds,scattered clouds,03n
122004,1194966000,2007-11-13 22:00:00,28800,Denpasar,-8.652497,115.219117,28.0,28.0,28.0,1010.2,,,88,1.5,110,,,,,,,,,,,,,20,801,Clouds,few clouds,02n
122005,1194969600,2007-11-13 23:00:00,28800,Denpasar,-8.652497,115.219117,27.0,27.0,27.0,1009.1,,,94,1.61,67,,,,,,,,,,,,,20,801,Clouds,few clouds,02n
122006,1194973200,2007-11-14 00:00:00,28800,Denpasar,-8.652497,115.219117,27.0,27.0,27.0,1009.1,,,94,1.32,73,,,,,,,,,,,,,20,801,Clouds,few clouds,02n
122007,1194976800,2007-11-14 01:00:00,28800,Denpasar,-8.652497,115.219117,26.2,26.2,26.2,1008.1,,,94,1.04,70,,,0.0,,,,,,,,,,20,801,Clouds,few clouds,02n
122008,1194980400,2007-11-14 02:00:00,28800,Denpasar,-8.652497,115.219117,26.2,26.2,26.2,1008.1,,,94,0.87,66,,,0.0,,,,,,,,,,20,801,Clouds,few clouds,02n
122009,1194984000,2007-11-14 03:00:00,28800,Denpasar,-8.652497,115.219117,25.6,25.6,25.6,1008.6,,,95,0.83,55,,,0.0,,,,,,,,,,20,801,Clouds,few clouds,02n
122010,1194987600,2007-11-14 04:00:00,28800,Denpasar,-8.652497,115.219117,26.21,26.21,26.21,1009.0,,,83,0.68,56,,,,,,,,,,,,,100,804,Clouds,overcast clouds,04n
122011,1194991200,2007-11-14 05:00:00,28800,Denpasar,-8.652497,115.219117,25.0,25.0,25.0,1009.1,,,94,1.02,54,,,,,,,,,,,,,20,801,Clouds,few clouds,02d
122012,1194994800,2007-11-14 06:00:00,28800,Denpasar,-8.652497,115.219117,26.27,26.27,26.27,1010.0,,,84,1.0,48,,,,,,,,,,,,,52,803,Clouds,broken clouds,04d
122013,1194998400,2007-11-14 07:00:00,28800,Denpasar,-8.652497,115.219117,28.2,28.2,28.2,1010.1,,,84,1.02,45,,,0.0,,,,,,,,,,40,802,Clouds,scattered clouds,03d
122014,1195002000,2007-11-14 08:00:00,28800,Denpasar,-8.652497,115.219117,26.32,26.32,26.32,1011.0,,,85,0.25,66,,,,,,,,,,,,,34,802,Clouds,scattered clouds,03d
122015,1195005600,2007-11-14 09:00:00,28800,Denpasar,-8.652497,115.219117,26.28,26.28,26.28,1012.0,,,87,0.82,221,,,,,,,,,,,,,53,803,Clouds,broken clouds,04d
122016,1195009200,2007-11-14 10:00:00,28800,Denpasar,-8.652497,115.219117,31.2,31.2,31.2,1010.2,,,69,2.6,120,,,0.0,,,,,,,,,,40,802,Clouds,scattered clouds,03d
122017,1195012800,2007-11-14 11:00:00,28800,Denpasar,-8.652497,115.219117,32.0,32.0,32.0,1010.2,,,66,3.6,110,,,,,,,,,,,,,40,802,Clouds,scattered clouds,03d
122018,1195016400,2007-11-14 12:00:00,28800,Denpasar,-8.652497,115.219117,32.0,32.0,32.0,1009.1,,,66,4.1,120,,,,,,,,,,,,,40,802,Clouds,scattered clouds,03d
122019,1195020000,2007-11-14 13:00:00,28800,Denpasar,-8.652497,115.219117,31.0,31.0,31.0,1008.3,,,66,4.1,120,,,0.0,,,,,,,,,,40,802,Clouds,scattered clouds,03d
122020,1195023600,2007-11-14 14:00:00,28800,Denpasar,-8.652497,115.219117,32.0,32.0,32.0,1007.1,,,66,4.1,160,,,,,,,,,,,,,40,802,Clouds,scattered clouds,03d
122021,1195027200,2007-11-14 15:00:00,28800,Denpasar,-8.652497,115.219117,32.0,32.0,32.0,1007.1,,,66,4.6,150,,,,,,,,,,,,,40,802,Clouds,scattered clouds,03d
122022,1195030800,2007-11-14 16:00:00,28800,Denpasar,-8.652497,115.219117,30.2,30.2,30.2,1008.1,,,67,2.6,160,,,0.0,,,,,,,,,,40,802,Clouds,scattered clouds,03d
122023,1195034400,2007-11-14 17:00:00,28800,Denpasar,-8.652497,115.219117,30.0,30.0,30.0,1009.1,,,74,2.1,170,,,,,,,,,,,,,75,803,Clouds,broken clouds,04d
122024,1195038000,2007-11-14 18:00:00,28800,Denpasar,-8.652497,115.219117,28.0,28.0,28.0,1009.1,,,88,2.1,150,,,,,,,,,,,,,40,802,Clouds,scattered clouds,03n
122025,1195041600,2007-11-14 19:00:00,28800,Denpasar,-8.652497,115.219117,28.0,28.0,28.0,1010.2,,,82,1.5,130,,,0.0,,,,,,,,,,40,802,Clouds,scattered clouds,03n
122026,1195045200,2007-11-14 20:00:00,28800,Denpasar,-8.652497,115.219117,28.0,28.0,28.0,1010.2,,,88,1.5,130,,,,,,,,,,,,,20,801,Clouds,few clouds,02n
122027,1195048800,2007-11-14 21:00:00,28800,Denpasar,-8.652497,115.219117,28.0,28.0,28.0,1010.8,,,88,0.38,137,,,,,,,,,,,,,20,801,Clouds,few clouds,02n
122028,1195052400,2007-11-14 22:00:00,28800,Denpasar,-8.652497,115.219117,27.6,27.6,27.6,1010.2,,,86,1.5,180,,,0.0,,,,,,,,,,20,801,Clouds,few clouds,02n
122029,1195056000,2007-11-14 23:00:00,28800,Denpasar,-8.652497,115.219117,27.0,27.0,27.0,1010.2,,,88,0.54,206,,,,,,,,,,,,,20,801,Clouds,few clouds,02n
122030,1195059600,2007-11-15 00:00:00,28800,Denpasar,-8.652497,115.219117,27.0,27.0,27.0,1009.1,,,88,1.01,217,,,,,,,,,,,,,20,801,Clouds,few clouds,02n
122031,1195063200,2007-11-15 01:00:00,28800,Denpasar,-8.652497,115.219117,26.2,26.2,26.2,1009.1,,,92,1.0,220,,,0.0,,,,,,,,,,40,802,Clouds,scattered clouds,03n
122032,1195066800,2007-11-15 02:00:00,28800,Denpasar,-8.652497,115.219117,26.2,26.2,26.2,1009.1,,,92,0.49,219,,,0.0,,,,,,,,,,40,802,Clouds,scattered clouds,03n
122033,1195070400,2007-11-15 03:00:00,28800,Denpasar,-8.652497,115.219117,25.4,25.4,25.4,1009.1,,,93,0.19,119,,,0.0,,,,,,,,,,20,801,Clouds,few clouds,02n
122034,1195074000,2007-11-15 04:00:00,28800,Denpasar,-8.652497,115.219117,25.4,25.4,25.4,1009.1,,,93,0.15,88,,,0.0,,,,,,,,,,20,801,Clouds,few clouds,02n
122035,1195077600,2007-11-15 05:00:00,28800,Denpasar,-8.652497,115.219117,25.68,25.68,25.68,1010.0,,,87,0.64,153,,,,,,,,,,,,,99,804,Clouds,overcast clouds,04d
122036,1195081200,2007-11-15 06:00:00,28800,Denpasar,-8.652497,115.219117,25.75,25.75,25.75,1011.0,,,87,0.72,174,,,,,,,,,,,,,100,804,Clouds,overcast clouds,04d
122037,1195084800,2007-11-15 07:00:00,28800,Denpasar,-8.652497,115.219117,27.4,27.4,27.4,1010.3,,,85,0.73,149,,,0.0,,,,,,,,,,20,801,Clouds,few clouds,02d
122038,1195088400,2007-11-15 08:00:00,28800,Denpasar,-8.652497,115.219117,29.0,29.0,29.0,1010.8,,,79,1.0,90,,,,,,,,,,,,,20,801,Clouds,few clouds,02d
122039,1195092000,2007-11-15 09:00:00,28800,Denpasar,-8.652497,115.219117,30.0,30.0,30.0,1010.8,,,74,3.1,90,,,,,,,,,,,,,40,802,Clouds,scattered clouds,03d
122040,1195095600,2007-11-15 10:00:00,28800,Denpasar,-8.652497,115.219117,30.3,30.3,30.3,1010.3,,,71,2.6,120,,,0.0,,,,,,,,,,40,802,Clouds,scattered clouds,03d
122041,1195099200,2007-11-15 11:00:00,28800,Denpasar,-8.652497,115.219117,31.0,31.0,31.0,1010.2,,,70,2.1,130,,,,,,,,,,,,,40,802,Clouds,scattered clouds,03d
122042,1195102800,2007-11-15 12:00:00,28800,Denpasar,-8.652497,115.219117,30.0,30.0,30.0,1009.1,,,74,3.1,120,,,,,,,,,,,,,40,802,Clouds,scattered clouds,03d
122043,1195106400,2007-11-15 13:00:00,28800,Denpasar,-8.652497,115.219117,30.1,30.1,30.1,1008.1,,,74,2.6,120,,,0.0,,,,,,,,,,40,802,Clouds,scattered clouds,03d
122044,1195110000,2007-11-15 14:00:00,28800,Denpasar,-8.652497,115.219117,29.0,29.0,29.0,1007.1,,,79,2.1,160,,,,,,,,,,,,,75,803,Clouds,broken clouds,04d
122045,1195113600,2007-11-15 15:00:00,28800,Denpasar,-8.652497,115.219117,30.0,30.0,30.0,1007.1,,,79,2.6,130,,,,,,,,,,,,,75,803,Clouds,broken clouds,04d
122046,1195117200,2007-11-15 16:00:00,28800,Denpasar,-8.652497,115.219117,29.4,29.4,29.4,1007.7,,,75,1.5,140,,,0.0,,,,,,,,,,75,803,Clouds,broken clouds,04d
122047,1195120800,2007-11-15 17:00:00,28800,Denpasar,-8.652497,115.219117,26.57,26.57,26.57,1009.0,,,85,0.47,162,0.66,,,,,,,,,,,,99,500,Rain,light rain,10d
122048,1195124400,2007-11-15 18:00:00,28800,Denpasar,-8.652497,115.219117,26.53,26.53,26.53,1009.0,,,85,0.71,225,0.31,,,,,,,,,,,,99,500,Rain,light rain,10n
122049,1195128000,2007-11-15 19:00:00,28800,Denpasar,-8.652497,115.219117,28.0,28.0,28.0,1010.2,,,80,0.57,185,,,0.0,,,,,,,,,,75,803,Clouds,broken clouds,04n
122050,1195131600,2007-11-15 20:00:00,28800,Denpasar,-8.652497,115.219117,28.0,28.0,28.0,1010.2,,,83,0.57,174,,,,,,,,,,,,,40,802,Clouds,scattered clouds,03n
122051,1195135200,2007-11-15 21:00:00,28800,Denpasar,-8.652497,115.219117,27.0,27.0,27.0,1010.2,,,88,2.1,320,,,,,,,,,,,,,40,802,Clouds,scattered clouds,03n
122052,1195138800,2007-11-15 22:00:00,28800,Denpasar,-8.652497,115.219117,26.8,26.8,26.8,1007.4,,,88,1.5,330,,,0.0,,,,,,,,,,20,801,Clouds,few clouds,02n
122053,1195142400,2007-11-15 23:00:00,28800,Denpasar,-8.652497,115.219117,25.35,25.35,25.35,1011.0,,,90,0.41,185,0.31,,,,,,,,,,,,100,500,Rain,light rain,10n
122054,1195146000,2007-11-16 00:00:00,28800,Denpasar,-8.652497,115.219117,25.41,25.41,25.41,1010.0,,,89,1.19,230,0.15,,,,,,,,,,,,100,500,Rain,light rain,10n
122055,1195149600,2007-11-16 01:00:00,28800,Denpasar,-8.652497,115.219117,26.0,26.0,26.0,1008.9,,,92,1.0,90,,,0.5,,0.9,,,,,,,,40,802,Clouds,scattered clouds,03n
122056,1195153200,2007-11-16 02:00:00,28800,Denpasar,-8.652497,115.219117,26.0,26.0,26.0,1008.9,,,92,1.0,90,,,0.5,,0.9,,,,,,,,40,802,Clouds,scattered clouds,03n
122057,1195156800,2007-11-16 03:00:00,28800,Denpasar,-8.652497,115.219117,26.0,26.0,26.0,1009.1,,,92,2.6,80,,,0.0,,,,,,,,,,40,802,Clouds,scattered clouds,03n
122058,1195160400,2007-11-16 04:00:00,28800,Denpasar,-8.652497,115.219117,25.27,25.27,25.27,1010.0,,,91,1.21,212,0.71,,,,,,,,,,,,100,500,Rain,light rain,10n
122059,1195164000,2007-11-16 05:00:00,28800,Denpasar,-8.652497,115.219117,26.0,26.0,26.0,1009.1,,,94,1.0,110,,,,,,,,,,,,,20,801,Clouds,few clouds,02d
122060,1195167600,2007-11-16 06:00:00,28800,Denpasar,-8.652497,115.219117,27.0,27.0,27.0,1010.2,,,88,1.0,180,,,,,,,,,,,,,40,802,Clouds,scattered clouds,03d
122061,1195171200,2007-11-16 07:00:00,28800,Denpasar,-8.652497,115.219117,27.2,27.2,27.2,1010.2,,,88,1.0,340,,,,,0.5,,,,,,,,20,801,Clouds,few clouds,02d
122062,1195174800,2007-11-16 08:00:00,28800,Denpasar,-8.652497,115.219117,29.0,29.0,29.0,1010.8,,,83,1.5,190,,,,,,,,,,,,,20,801,Clouds,few clouds,02d
122063,1195178400,2007-11-16 09:00:00,28800,Denpasar,-8.652497,115.219117,31.0,31.0,31.0,1010.8,,,74,1.5,120,,,,,,,,,,,,,40,802,Clouds,scattered clouds,03d
122064,1195182000,2007-11-16 10:00:00,28800,Denpasar,-8.652497,115.219117,30.4,30.4,30.4,1011.0,,,70,2.6,110,,,0.0,,,,,,,,,,40,802,Clouds,scattered clouds,03d
122065,1195185600,2007-11-16 11:00:00,28800,Denpasar,-8.652497,115.219117,31.0,31.0,31.0,1010.2,,,70,2.6,180,,,,,,,,,,,,,40,802,Clouds,scattered clouds,03d
122066,1195189200,2007-11-16 12:00:00,28800,Denpasar,-8.652497,115.219117,32.0,32.0,32.0,1009.1,,,70,3.6,120,,,,,,,,,,,,,40,211,Thunderstorm,thunderstorm,11d
122067,1195192800,2007-11-16 13:00:00,28800,Denpasar,-8.652497,115.219117,30.0,30.0,30.0,1008.1,,,72,2.6,110,,,0.0,,,,,,,,,,40,211,Thunderstorm,thunderstorm,11d
122068,1195196400,2007-11-16 14:00:00,28800,Denpasar,-8.652497,115.219117,29.0,29.0,29.0,1008.1,,,79,1.5,140,,,,,,,,,,,,,40,802,Clouds,scattered clouds,03d
122069,1195200000,2007-11-16 15:00:00,28800,Denpasar,-8.652497,115.219117,29.0,29.0,29.0,1008.1,,,79,1.0,180,,,,,,,,,,,,,40,211,Thunderstorm,thunderstorm,11d
122070,1195203600,2007-11-16 16:00:00,28800,Denpasar,-8.652497,115.219117,27.7,27.7,27.7,1008.1,,,89,1.0,140,,1.0,,,,,,,,,,,40,201,Thunderstorm,thunderstorm with rain,11d
122071,1195203600,2007-11-16 16:00:00,28800,Denpasar,-8.652497,115.219117,27.7,27.7,27.7,1008.1,,,89,1.0,140,,1.0,,,,,,,,,,,40,500,Rain,light rain,10d
122072,1195207200,2007-11-16 17:00:00,28800,Denpasar,-8.652497,115.219117,27.0,27.0,27.0,1008.1,,,88,1.0,150,,,,,,,,,,,,,40,802,Clouds,scattered clouds,03d
122073,1195210800,2007-11-16 18:00:00,28800,Denpasar,-8.652497,115.219117,27.0,27.0,27.0,1009.1,,,88,1.93,70,,,,,,,,,,,,,20,801,Clouds,few clouds,02n
122074,1195214400,2007-11-16 19:00:00,28800,Denpasar,-8.652497,115.219117,26.8,26.8,26.8,1010.2,,,92,2.14,73,,0.3,2.0,,,,,,,,,,20,500,Rain,light rain,10n
122075,1195218000,2007-11-16 20:00:00,28800,Denpasar,-8.652497,115.219117,27.0,27.0,27.0,1010.2,,,94,1.7,77,,,,,,,,,,,,,20,801,Clouds,few clouds,02n
122076,1195221600,2007-11-16 21:00:00,28800,Denpasar,-8.652497,115.219117,27.0,27.0,27.0,1010.8,,,94,2.27,96,,,,,,,,,,,,,20,801,Clouds,few clouds,02n
122077,1195225200,2007-11-16 22:00:00,28800,Denpasar,-8.652497,115.219117,26.5,26.5,26.5,1010.8,,,93,2.27,104,,,0.0,,,,,,,,,,20,211,Thunderstorm,proximity thunderstorm,11n
122078,1195228800,2007-11-16 23:00:00,28800,Denpasar,-8.652497,115.219117,26.0,26.0,26.0,1010.2,,,94,1.73,111,,,,,,,,,,,,,40,211,Thunderstorm,thunderstorm,11n
122079,1195232400,2007-11-17 00:00:00,28800,Denpasar,-8.652497,115.219117,26.0,26.0,26.0,1010.2,,,94,0.89,152,,,,,,,,,,,,,40,211,Thunderstorm,thunderstorm,11n
122080,1195236000,2007-11-17 01:00:00,28800,Denpasar,-8.652497,115.219117,25.8,25.8,25.8,1009.1,,,93,0.98,180,,0.3,0.3,,,,,,,,,,40,500,Rain,light rain,10n
122081,1195239600,2007-11-17 02:00:00,28800,Denpasar,-8.652497,115.219117,25.8,25.8,25.8,1009.1,,,93,1.02,151,,0.3,0.3,,,,,,,,,,40,500,Rain,light rain,10n
122082,1195243200,2007-11-17 03:00:00,28800,Denpasar,-8.652497,115.219117,25.5,25.5,25.5,1009.1,,,96,1.16,130,,,0.0,,,,,,,,,,40,211,Thunderstorm,thunderstorm,11n
122083,1195246800,2007-11-17 04:00:00,28800,Denpasar,-8.652497,115.219117,26.03,26.03,26.03,1010.0,,,86,1.46,119,,,,,,,,,,,,,91,804,Clouds,overcast clouds,04n
122084,1195250400,2007-11-17 05:00:00,28800,Denpasar,-8.652497,115.219117,26.0,26.0,26.0,1009.1,,,100,1.7,109,,,,,,,,,,,,,40,802,Clouds,scattered clouds,03d
122085,1195254000,2007-11-17 06:00:00,28800,Denpasar,-8.652497,115.219117,26.0,26.0,26.0,1010.2,,,100,2.14,121,,,,,,,,,,,,,40,802,Clouds,scattered clouds,03d
122086,1195257600,2007-11-17 07:00:00,28800,Denpasar,-8.652497,115.219117,27.0,27.0,27.0,1010.2,,,92,2.52,111,,,,,2.0,,,,,,,,40,802,Clouds,scattered clouds,03d
122087,1195261200,2007-11-17 08:00:00,28800,Denpasar,-8.652497,115.219117,29.0,29.0,29.0,1010.8,,,79,2.1,110,,,,,,,,,,,,,40,802,Clouds,scattered clouds,03d
122088,1195264800,2007-11-17 09:00:00,28800,Denpasar,-8.652497,115.219117,30.0,30.0,30.0,1010.8,,,74,2.1,100,,,,,,,,,,,,,40,802,Clouds,scattered clouds,03d
122089,1195268400,2007-11-17 10:00:00,28800,Denpasar,-8.652497,115.219117,31.2,31.2,31.2,1010.8,,,67,3.1,110,,,0.0,,,,,,,,,,40,802,Clouds,scattered clouds,03d
122090,1195272000,2007-11-17 11:00:00,28800,Denpasar,-8.652497,115.219117,32.0,32.0,32.0,1010.2,,,66,4.6,100,,,,,,,,,,,,,20,801,Clouds,few clouds,02d
122091,1195275600,2007-11-17 12:00:00,28800,Denpasar,-8.652497,115.219117,32.0,32.0,32.0,1009.1,,,62,4.6,120,,,,,,,,,,,,,40,802,Clouds,scattered clouds,03d
122092,1195279200,2007-11-17 13:00:00,28800,Denpasar,-8.652497,115.219117,30.1,30.1,30.1,1009.1,,,70,3.1,110,,,0.0,,,,,,,,,,40,211,Thunderstorm,thunderstorm,11d
122093,1195282800,2007-11-17 14:00:00,28800,Denpasar,-8.652497,115.219117,28.0,28.0,28.0,1009.1,,,78,3.6,10,,,,,,,,,,,,,75,211,Thunderstorm,thunderstorm,11d
122094,1195286400,2007-11-17 15:00:00,28800,Denpasar,-8.652497,115.219117,27.0,27.0,27.0,1009.1,,,83,1.5,360,,,,,,,,,,,,,40,201,Thunderstorm,thunderstorm with rain,11d
122095,1195286400,2007-11-17 15:00:00,28800,Denpasar,-8.652497,115.219117,27.0,27.0,27.0,1009.1,,,83,1.5,360,,,,,,,,,,,,,40,521,Rain,shower rain,09d
122096,1195290000,2007-11-17 16:00:00,28800,Denpasar,-8.652497,115.219117,26.1,26.1,26.1,1009.1,,,90,1.0,220,,,,,,,,,,,,,40,501,Rain,moderate rain,10d
122097,1195293600,2007-11-17 17:00:00,28800,Denpasar,-8.652497,115.219117,26.0,26.0,26.0,1008.1,,,94,1.5,330,,,,,,,,,,,,,40,802,Clouds,scattered clouds,03d
122098,1195297200,2007-11-17 18:00:00,28800,Denpasar,-8.652497,115.219117,26.0,26.0,26.0,1010.2,,,94,2.44,111,,,,,,,,,,,,,75,803,Clouds,broken clouds,04n
122099,1195300800,2007-11-17 19:00:00,28800,Denpasar,-8.652497,115.219117,25.8,25.8,25.8,1010.2,,,92,3.17,109,,0.4,3.0,,,,,,,,,,40,500,Rain,light rain,10n
122100,1195304400,2007-11-17 20:00:00,28800,Denpasar,-8.652497,115.219117,26.0,26.0,26.0,1010.8,,,94,3.56,102,,,,,,,,,,,,,40,802,Clouds,scattered clouds,03n
122101,1195308000,2007-11-17 21:00:00,28800,Denpasar,-8.652497,115.219117,26.18,26.18,26.18,1011.0,,,86,3.83,80,,,,,,,,,,,,,100,804,Clouds,overcast clouds,04n
122102,1195311600,2007-11-17 22:00:00,28800,Denpasar,-8.652497,115.219117,25.4,25.4,25.4,1010.8,,,94,3.45,72,,,0.0,,,,,,,,,,20,801,Clouds,few clouds,02n
122103,1195315200,2007-11-17 23:00:00,28800,Denpasar,-8.652497,115.219117,26.52,26.52,26.52,1010.0,,,85,2.7,60,,,,,,,,,,,,,100,804,Clouds,overcast clouds,04n
122104,1195318800,2007-11-18 00:00:00,28800,Denpasar,-8.652497,115.219117,26.47,26.47,26.47,1010.0,,,86,2.21,45,,,,,,,,,,,,,100,804,Clouds,overcast clouds,04n
122105,1195322400,2007-11-18 01:00:00,28800,Denpasar,-8.652497,115.219117,25.0,25.0,25.0,1009.1,,,94,0.86,48,,,0.0,,,,,,,,,,20,801,Clouds,few clouds,02n
122106,1195326000,2007-11-18 02:00:00,28800,Denpasar,-8.652497,115.219117,25.0,25.0,25.0,1009.1,,,94,0.84,163,,,0.0,,,,,,,,,,20,801,Clouds,few clouds,02n
122107,1195329600,2007-11-18 03:00:00,28800,Denpasar,-8.652497,115.219117,24.7,24.7,24.7,1009.1,,,95,0.7,134,,,0.0,,,,,,,,,,20,801,Clouds,few clouds,02n
122108,1195333200,2007-11-18 04:00:00,28800,Denpasar,-8.652497,115.219117,25.49,25.49,25.49,1010.0,,,88,1.35,103,0.19,,,,,,,,,,,,100,500,Rain,light rain,10n
122109,1195336800,2007-11-18 05:00:00,28800,Denpasar,-8.652497,115.219117,25.0,25.0,25.0,1010.2,,,94,1.2,96,,,,,,,,,,,,,40,802,Clouds,scattered clouds,03d
122110,1195340400,2007-11-18 06:00:00,28800,Denpasar,-8.652497,115.219117,26.34,26.34,26.34,1011.0,,,85,0.87,101,,,,,,,,,,,,,99,804,Clouds,overcast clouds,04d
122111,1195344000,2007-11-18 07:00:00,28800,Denpasar,-8.652497,115.219117,26.56,26.56,26.56,1011.0,,,85,0.64,130,,,,,,,,,,,,,96,804,Clouds,overcast clouds,04d
122112,1195347600,2007-11-18 08:00:00,28800,Denpasar,-8.652497,115.219117,28.0,28.0,28.0,1011.9,,,88,1.5,320,,,,,,,,,,,,,20,801,Clouds,few clouds,02d
122113,1195351200,2007-11-18 09:00:00,28800,Denpasar,-8.652497,115.219117,31.0,31.0,31.0,1010.8,,,74,2.1,100,,,,,,,,,,,,,40,802,Clouds,scattered clouds,03d
122114,1195354800,2007-11-18 10:00:00,28800,Denpasar,-8.652497,115.219117,32.0,32.0,32.0,1010.2,,,70,4.1,110,,,,,,,,,,,,,40,802,Clouds,scattered clouds,03d
122115,1195358400,2007-11-18 11:00:00,28800,Denpasar,-8.652497,115.219117,32.0,32.0,32.0,1010.2,,,66,3.6,100,,,,,,,,,,,,,40,802,Clouds,scattered clouds,03d
122116,1195362000,2007-11-18 12:00:00,28800,Denpasar,-8.652497,115.219117,32.0,32.0,32.0,1009.1,,,66,3.6,110,,,,,,,,,,,,,40,802,Clouds,scattered clouds,03d
122117,1195365600,2007-11-18 13:00:00,28800,Denpasar,-8.652497,115.219117,31.4,31.4,31.4,1008.1,,,66,1.5,130,,,0.0,,,,,,,,,,40,211,Thunderstorm,thunderstorm,11d
122118,1195369200,2007-11-18 14:00:00,28800,Denpasar,-8.652497,115.219117,30.0,30.0,30.0,1007.1,,,70,2.1,100,,,,,,,,,,,,,75,803,Clouds,broken clouds,04d
122119,1195372800,2007-11-18 15:00:00,28800,Denpasar,-8.652497,115.219117,30.0,30.0,30.0,1007.1,,,74,1.5,180,,,,,,,,,,,,,75,803,Clouds,broken clouds,04d
122120,1195376400,2007-11-18 16:00:00,28800,Denpasar,-8.652497,115.219117,29.6,29.6,29.6,1008.1,,,72,1.5,150,,,0.0,,,,,,,,,,20,801,Clouds,few clouds,02d
122121,1195380000,2007-11-18 17:00:00,28800,Denpasar,-8.652497,115.219117,29.0,29.0,29.0,1008.1,,,79,2.6,140,,,,,,,,,,,,,40,802,Clouds,scattered clouds,03d
122122,1195383600,2007-11-18 18:00:00,28800,Denpasar,-8.652497,115.219117,26.35,26.35,26.35,1010.0,,,89,1.8,95,0.15,,,,,,,,,,,,70,500,Rain,light rain,10n
122123,1195387200,2007-11-18 19:00:00,28800,Denpasar,-8.652497,115.219117,26.37,26.37,26.37,1010.0,,,88,2.37,93,0.11,,,,,,,,,,,,68,500,Rain,light rain,10n
122124,1195390800,2007-11-18 20:00:00,28800,Denpasar,-8.652497,115.219117,28.0,28.0,28.0,1010.2,,,94,2.1,130,,,,,,,,,,,,,40,201,Thunderstorm,thunderstorm with rain,11n
122125,1195390800,2007-11-18 20:00:00,28800,Denpasar,-8.652497,115.219117,28.0,28.0,28.0,1010.2,,,94,2.1,130,,,,,,,,,,,,,40,521,Rain,shower rain,09n
122126,1195394400,2007-11-18 21:00:00,28800,Denpasar,-8.652497,115.219117,28.0,28.0,28.0,1010.8,,,94,1.4,82,,,,,,,,,,,,,40,501,Rain,moderate rain,10n
122127,1195398000,2007-11-18 22:00:00,28800,Denpasar,-8.652497,115.219117,27.2,27.2,27.2,1010.8,,,93,2.1,310,,1.0,,,,,,,,,,,75,500,Rain,light rain,10n
122128,1195401600,2007-11-18 23:00:00,28800,Denpasar,-8.652497,115.219117,26.0,26.0,26.0,1010.2,,,100,2.6,320,,,,,,,,,,,,,75,501,Rain,moderate rain,10n
122129,1195405200,2007-11-19 00:00:00,28800,Denpasar,-8.652497,115.219117,26.1,26.1,26.1,1010.0,,,88,0.28,95,,,,,,,,,,,,,93,804,Clouds,overcast clouds,04n
122130,1195408800,2007-11-19 01:00:00,28800,Denpasar,-8.652497,115.219117,25.4,25.4,25.4,1009.7,,,94,0.17,57,,,10.9,,,,,,,,,,40,211,Thunderstorm,thunderstorm,11n
122131,1195412400,2007-11-19 02:00:00,28800,Denpasar,-8.652497,115.219117,25.4,25.4,25.4,1009.7,,,94,0.18,125,,,10.9,,,,,,,,,,40,211,Thunderstorm,thunderstorm,11n
122132,1195416000,2007-11-19 03:00:00,28800,Denpasar,-8.652497,115.219117,25.8,25.8,25.8,1009.1,,,93,1.5,140,,0.2,,,,,,,,,,,75,501,Rain,moderate rain,10n
122133,1195419600,2007-11-19 04:00:00,28800,Denpasar,-8.652497,115.219117,26.31,26.31,26.31,1010.0,,,86,1.38,125,,,,,,,,,,,,,100,804,Clouds,overcast clouds,04n
122134,1195423200,2007-11-19 05:00:00,28800,Denpasar,-8.652497,115.219117,26.0,26.0,26.0,1010.2,,,94,0.82,112,,,,,,,,,,,,,40,802,Clouds,scattered clouds,03d
122135,1195426800,2007-11-19 06:00:00,28800,Denpasar,-8.652497,115.219117,26.32,26.32,26.32,1010.0,,,88,1.23,117,,,,,,,,,,,,,95,804,Clouds,overcast clouds,04d
122136,1195430400,2007-11-19 07:00:00,28800,Denpasar,-8.652497,115.219117,26.51,26.51,26.51,1011.0,,,87,1.5,138,,,,,,,,,,,,,98,804,Clouds,overcast clouds,04d
122137,1195434000,2007-11-19 08:00:00,28800,Denpasar,-8.652497,115.219117,28.0,28.0,28.0,1011.9,,,88,1.5,290,,,,,,,,,,,,,40,802,Clouds,scattered clouds,03d
122138,1195437600,2007-11-19 09:00:00,28800,Denpasar,-8.652497,115.219117,29.0,29.0,29.0,1011.9,,,83,3.1,270,,,,,,,,,,,,,40,802,Clouds,scattered clouds,03d
122139,1195441200,2007-11-19 10:00:00,28800,Denpasar,-8.652497,115.219117,29.6,29.6,29.6,1010.8,,,80,2.1,280,,,0.0,,,,,,,,,,40,802,Clouds,scattered clouds,03d
122140,1195444800,2007-11-19 11:00:00,28800,Denpasar,-8.652497,115.219117,26.34,26.34,26.34,1011.0,,,89,3.58,176,0.13,,,,,,,,,,,,93,500,Rain,light rain,10d
122141,1195448400,2007-11-19 12:00:00,28800,Denpasar,-8.652497,115.219117,26.0,26.0,26.0,1010.0,,,91,4.4,157,,,,,,,,,,,,,98,804,Clouds,overcast clouds,04d
122142,1195452000,2007-11-19 13:00:00,28800,Denpasar,-8.652497,115.219117,31.6,31.6,31.6,1008.1,,,70,2.1,240,,,0.0,,,,,,,,,,40,802,Clouds,scattered clouds,03d
122143,1195455600,2007-11-19 14:00:00,28800,Denpasar,-8.652497,115.219117,33.0,33.0,33.0,1007.1,,,62,4.6,110,,,,,,,,,,,,,40,802,Clouds,scattered clouds,03d
122144,1195459200,2007-11-19 15:00:00,28800,Denpasar,-8.652497,115.219117,32.0,32.0,32.0,1007.1,,,66,3.1,120,,,,,,,,,,,,,40,802,Clouds,scattered clouds,03d
122145,1195462800,2007-11-19 16:00:00,28800,Denpasar,-8.652497,115.219117,30.0,30.0,30.0,1008.1,,,72,2.1,160,,,0.0,,,,,,,,,,40,211,Thunderstorm,thunderstorm,11d
122146,1195466400,2007-11-19 17:00:00,28800,Denpasar,-8.652497,115.219117,29.0,29.0,29.0,1008.1,,,79,2.1,160,,,,,,,,,,,,,40,211,Thunderstorm,thunderstorm,11d
122147,1195470000,2007-11-19 18:00:00,28800,Denpasar,-8.652497,115.219117,28.0,28.0,28.0,1009.1,,,88,1.5,160,,,,,,,,,,,,,40,802,Clouds,scattered clouds,03n
122148,1195473600,2007-11-19 19:00:00,28800,Denpasar,-8.652497,115.219117,28.2,28.2,28.2,1010.2,,,83,1.0,160,,,0.0,,,,,,,,,,40,802,Clouds,scattered clouds,03n
122149,1195477200,2007-11-19 20:00:00,28800,Denpasar,-8.652497,115.219117,28.0,28.0,28.0,1010.2,,,83,2.22,114,,,,,,,,,,,,,40,802,Clouds,scattered clouds,03n
122150,1195480800,2007-11-19 21:00:00,28800,Denpasar,-8.652497,115.219117,27.0,27.0,27.0,1010.8,,,88,5.1,310,,,,,,,,,,,,,40,501,Rain,moderate rain,10n
122151,1195484400,2007-11-19 22:00:00,28800,Denpasar,-8.652497,115.219117,26.1,26.1,26.1,1010.2,,,88,1.5,310,,,,,,,,,,,,,40,802,Clouds,scattered clouds,03n
122152,1195488000,2007-11-19 23:00:00,28800,Denpasar,-8.652497,115.219117,25.0,25.0,25.0,1010.8,,,94,2.1,20,,,,,,,,,,,,,40,211,Thunderstorm,thunderstorm,11n
122153,1195491600,2007-11-20 00:00:00,28800,Denpasar,-8.652497,115.219117,25.0,25.0,25.0,1010.2,,,94,3.6,30,,,,,,,,,,,,,40,201,Thunderstorm,thunderstorm with rain,11n
122154,1195491600,2007-11-20 00:00:00,28800,Denpasar,-8.652497,115.219117,25.0,25.0,25.0,1010.2,,,94,3.6,30,,,,,,,,,,,,,40,521,Rain,shower rain,09n
122155,1195495200,2007-11-20 01:00:00,28800,Denpasar,-8.652497,115.219117,24.7,24.7,24.7,1009.1,,,95,3.6,50,,0.0,11.9,,,,,,,,,,75,501,Rain,moderate rain,10n
122156,1195498800,2007-11-20 02:00:00,28800,Denpasar,-8.652497,115.219117,25.0,25.0,25.0,1009.1,,,94,1.5,310,,,,,,,,,,,,,75,201,Thunderstorm,thunderstorm with rain,11n
122157,1195498800,2007-11-20 02:00:00,28800,Denpasar,-8.652497,115.219117,25.0,25.0,25.0,1009.1,,,94,1.5,310,,,,,,,,,,,,,75,521,Rain,shower rain,09n
122158,1195502400,2007-11-20 03:00:00,28800,Denpasar,-8.652497,115.219117,25.65,25.65,25.65,1009.0,,,89,2.16,118,1.11,,,,,,,,,,,,100,501,Rain,moderate rain,10n
122159,1195506000,2007-11-20 04:00:00,28800,Denpasar,-8.652497,115.219117,24.4,24.4,24.4,1009.1,,,96,1.96,117,,7.0,,,,,,,,,,,20,501,Rain,moderate rain,10n
122160,1195509600,2007-11-20 05:00:00,28800,Denpasar,-8.652497,115.219117,25.38,25.38,25.38,1010.0,,,90,2.14,104,1.46,,,,,,,,,,,,100,501,Rain,moderate rain,10d
122161,1195513200,2007-11-20 06:00:00,28800,Denpasar,-8.652497,115.219117,25.38,25.38,25.38,1011.0,,,89,2.28,115,0.82,,,,,,,,,,,,100,500,Rain,light rain,10d
122162,1195516800,2007-11-20 07:00:00,28800,Denpasar,-8.652497,115.219117,26.2,26.2,26.2,1010.8,,,90,2.1,300,,,,,19.1,,,,,,,,75,803,Clouds,broken clouds,04d
122163,1195520400,2007-11-20 08:00:00,28800,Denpasar,-8.652497,115.219117,27.0,27.0,27.0,1010.8,,,88,1.5,280,,,,,,,,,,,,,40,802,Clouds,scattered clouds,03d
122164,1195524000,2007-11-20 09:00:00,28800,Denpasar,-8.652497,115.219117,30.0,30.0,30.0,1010.8,,,74,1.5,240,,,,,,,,,,,,,40,802,Clouds,scattered clouds,03d
122165,1195527600,2007-11-20 10:00:00,28800,Denpasar,-8.652497,115.219117,30.4,30.4,30.4,1010.8,,,71,2.6,80,,,,,,,,,,,,,75,803,Clouds,broken clouds,04d
122166,1195531200,2007-11-20 11:00:00,28800,Denpasar,-8.652497,115.219117,31.0,31.0,31.0,1010.2,,,70,2.6,100,,,,,,,,,,,,,40,802,Clouds,scattered clouds,03d
122167,1195534800,2007-11-20 12:00:00,28800,Denpasar,-8.652497,115.219117,31.0,31.0,31.0,1009.1,,,70,2.1,230,,,,,,,,,,,,,40,802,Clouds,scattered clouds,03d
122168,1195538400,2007-11-20 13:00:00,28800,Denpasar,-8.652497,115.219117,31.2,31.2,31.2,1008.1,,,70,2.6,140,,,0.0,,,,,,,,,,40,802,Clouds,scattered clouds,03d
122169,1195542000,2007-11-20 14:00:00,28800,Denpasar,-8.652497,115.219117,30.0,30.0,30.0,1008.1,,,70,2.1,170,,,,,,,,,,,,,40,802,Clouds,scattered clouds,03d
122170,1195545600,2007-11-20 15:00:00,28800,Denpasar,-8.652497,115.219117,29.0,29.0,29.0,1007.1,,,79,2.6,170,,,,,,,,,,,,,40,802,Clouds,scattered clouds,03d
122171,1195549200,2007-11-20 16:00:00,28800,Denpasar,-8.652497,115.219117,29.5,29.5,29.5,1008.1,,,76,1.5,110,,,0.0,,,,,,,,,,40,802,Clouds,scattered clouds,03d
122172,1195552800,2007-11-20 17:00:00,28800,Denpasar,-8.652497,115.219117,27.0,27.0,27.0,1009.1,,,83,3.1,320,,,,,,,,,,,,,75,803,Clouds,broken clouds,04d
122173,1195556400,2007-11-20 18:00:00,28800,Denpasar,-8.652497,115.219117,26.0,26.0,26.0,1010.2,,,94,2.6,360,,,,,,,,,,,,,75,803,Clouds,broken clouds,04n
122174,1195560000,2007-11-20 19:00:00,28800,Denpasar,-8.652497,115.219117,26.1,26.1,26.1,1010.2,,,93,2.6,330,,,6.1,,,,,,,,,,40,802,Clouds,scattered clouds,03n
122175,1195563600,2007-11-20 20:00:00,28800,Denpasar,-8.652497,115.219117,26.0,26.0,26.0,1010.8,,,94,2.6,122,,,,,,,,,,,,,40,211,Thunderstorm,thunderstorm,11n
122176,1195567200,2007-11-20 21:00:00,28800,Denpasar,-8.652497,115.219117,26.0,26.0,26.0,1010.8,,,94,3.12,110,,,,,,,,,,,,,40,802,Clouds,scattered clouds,03n
122177,1195570800,2007-11-20 22:00:00,28800,Denpasar,-8.652497,115.219117,25.6,25.6,25.6,1010.8,,,94,3.06,94,,0.2,,,,,,,,,,,20,500,Rain,light rain,10n
122178,1195574400,2007-11-20 23:00:00,28800,Denpasar,-8.652497,115.219117,26.0,26.0,26.0,1010.8,,,94,3.15,83,,,,,,,,,,,,,20,801,Clouds,few clouds,02n
122179,1195578000,2007-11-21 00:00:00,28800,Denpasar,-8.652497,115.219117,25.76,25.76,25.76,1010.0,,,90,3.13,81,0.66,,,,,,,,,,,,100,500,Rain,light rain,10n
122180,1195581600,2007-11-21 01:00:00,28800,Denpasar,-8.652497,115.219117,25.6,25.6,25.6,1009.1,,,93,1.0,20,,,,,,,,,,,,,20,801,Clouds,few clouds,02n
122181,1195585200,2007-11-21 02:00:00,28800,Denpasar,-8.652497,115.219117,26.08,26.08,26.08,1009.0,,,87,3.36,74,0.16,,,,,,,,,,,,99,500,Rain,light rain,10n
122182,1195588800,2007-11-21 03:00:00,28800,Denpasar,-8.652497,115.219117,25.91,25.91,25.91,1009.0,,,88,2.68,82,0.13,,,,,,,,,,,,99,500,Rain,light rain,10n
122183,1195592400,2007-11-21 04:00:00,28800,Denpasar,-8.652497,115.219117,25.0,25.0,25.0,1009.1,,,93,2.42,95,,,0.0,,,,,,,,,,40,802,Clouds,scattered clouds,03n
122184,1195596000,2007-11-21 05:00:00,28800,Denpasar,-8.652497,115.219117,25.0,25.0,25.0,1009.1,,,100,1.57,123,,,,,,,,,,,,,40,802,Clouds,scattered clouds,03d
122185,1195599600,2007-11-21 06:00:00,28800,Denpasar,-8.652497,115.219117,25.69,25.69,25.69,1010.0,,,89,1.52,143,1.32,,,,,,,,,,,,98,501,Rain,moderate rain,10d
122186,1195603200,2007-11-21 07:00:00,28800,Denpasar,-8.652497,115.219117,25.25,25.25,25.25,1012.0,,,90,1.92,154,1.93,,,,,,,,,,,,100,501,Rain,moderate rain,10d
122187,1195606800,2007-11-21 08:00:00,28800,Denpasar,-8.652497,115.219117,29.0,29.0,29.0,1010.8,,,79,2.6,300,,,,,,,,,,,,,40,802,Clouds,scattered clouds,03d
122188,1195610400,2007-11-21 09:00:00,28800,Denpasar,-8.652497,115.219117,28.0,28.0,28.0,1010.8,,,83,3.6,300,,,,,,,,,,,,,40,802,Clouds,scattered clouds,03d
122189,1195614000,2007-11-21 10:00:00,28800,Denpasar,-8.652497,115.219117,28.9,28.9,28.9,1010.8,,,79,3.6,290,,,0.0,,,,,,,,,,40,802,Clouds,scattered clouds,03d
122190,1195617600,2007-11-21 11:00:00,28800,Denpasar,-8.652497,115.219117,30.0,30.0,30.0,1010.8,,,74,3.1,230,,,,,,,,,,,,,40,802,Clouds,scattered clouds,03d
122191,1195621200,2007-11-21 12:00:00,28800,Denpasar,-8.652497,115.219117,30.0,30.0,30.0,1010.2,,,74,3.6,260,,,,,,,,,,,,,40,802,Clouds,scattered clouds,03d
122192,1195624800,2007-11-21 13:00:00,28800,Denpasar,-8.652497,115.219117,29.9,29.9,29.9,1009.1,,,74,4.1,250,,,0.0,,,,,,,,,,40,802,Clouds,scattered clouds,03d
122193,1195628400,2007-11-21 14:00:00,28800,Denpasar,-8.652497,115.219117,31.0,31.0,31.0,1008.1,,,70,2.1,360,,,,,,,,,,,,,40,802,Clouds,scattered clouds,03d
122194,1195632000,2007-11-21 15:00:00,28800,Denpasar,-8.652497,115.219117,31.0,31.0,31.0,1008.1,,,62,3.1,90,,,,,,,,,,,,,40,802,Clouds,scattered clouds,03d
122195,1195635600,2007-11-21 16:00:00,28800,Denpasar,-8.652497,115.219117,29.6,29.6,29.6,1009.1,,,71,2.6,90,,,0.0,,,,,,,,,,40,802,Clouds,scattered clouds,03d
122196,1195639200,2007-11-21 17:00:00,28800,Denpasar,-8.652497,115.219117,29.0,29.0,29.0,1009.1,,,79,2.1,130,,,,,,,,,,,,,40,802,Clouds,scattered clouds,03d
122197,1195642800,2007-11-21 18:00:00,28800,Denpasar,-8.652497,115.219117,29.0,29.0,29.0,1010.2,,,79,1.5,140,,,,,,,,,,,,,75,803,Clouds,broken clouds,04n
122198,1195646400,2007-11-21 19:00:00,28800,Denpasar,-8.652497,115.219117,28.0,28.0,28.0,1010.4,,,84,2.28,97,,,0.0,,,,,,,,,,40,802,Clouds,scattered clouds,03n
122199,1195650000,2007-11-21 20:00:00,28800,Denpasar,-8.652497,115.219117,28.0,28.0,28.0,1010.8,,,83,1.59,115,,,,,,,,,,,,,20,801,Clouds,few clouds,02n
122200,1195653600,2007-11-21 21:00:00,28800,Denpasar,-8.652497,115.219117,28.0,28.0,28.0,1011.9,,,88,1.5,10,,,,,,,,,,,,,20,801,Clouds,few clouds,02n
122201,1195657200,2007-11-21 22:00:00,28800,Denpasar,-8.652497,115.219117,27.8,27.8,27.8,1011.9,,,86,1.5,30,,,0.0,,,,,,,,,,20,211,Thunderstorm,proximity thunderstorm,11n
122202,1195660800,2007-11-21 23:00:00,28800,Denpasar,-8.652497,115.219117,27.0,27.0,27.0,1010.8,,,88,1.85,204,,,,,,,,,,,,,20,801,Clouds,few clouds,02n
122203,1195664400,2007-11-22 00:00:00,28800,Denpasar,-8.652497,115.219117,27.0,27.0,27.0,1010.8,,,88,1.82,196,,,,,,,,,,,,,20,801,Clouds,few clouds,02n
122204,1195668000,2007-11-22 01:00:00,28800,Denpasar,-8.652497,115.219117,26.6,26.6,26.6,1010.2,,,92,1.52,163,,,0.0,,,,,,,,,,20,801,Clouds,few clouds,02n
122205,1195671600,2007-11-22 02:00:00,28800,Denpasar,-8.652497,115.219117,26.6,26.6,26.6,1010.2,,,92,2.29,150,,,0.0,,,,,,,,,,20,801,Clouds,few clouds,02n
122206,1195675200,2007-11-22 03:00:00,28800,Denpasar,-8.652497,115.219117,26.0,26.0,26.0,1010.2,,,94,3.4,133,,,0.0,,,,,,,,,,20,801,Clouds,few clouds,02n
122207,1195678800,2007-11-22 04:00:00,28800,Denpasar,-8.652497,115.219117,25.9,25.9,25.9,1011.0,,,87,3.57,118,0.27,,,,,,,,,,,,99,500,Rain,light rain,10n
122208,1195682400,2007-11-22 05:00:00,28800,Denpasar,-8.652497,115.219117,26.0,26.0,26.0,1010.8,,,94,2.77,107,,,,,,,,,,,,,20,801,Clouds,few clouds,02d
122209,1195686000,2007-11-22 06:00:00,28800,Denpasar,-8.652497,115.219117,26.0,26.0,26.0,1010.8,,,94,3.07,109,,,,,,,,,,,,,40,802,Clouds,scattered clouds,03d
122210,1195689600,2007-11-22 07:00:00,28800,Denpasar,-8.652497,115.219117,27.4,27.4,27.4,1011.9,,,88,3.17,116,,,0.0,,,,,,,,,,40,802,Clouds,scattered clouds,03d
122211,1195693200,2007-11-22 08:00:00,28800,Denpasar,-8.652497,115.219117,30.0,30.0,30.0,1011.9,,,74,1.5,60,,,,,,,,,,,,,40,802,Clouds,scattered clouds,03d
122212,1195696800,2007-11-22 09:00:00,28800,Denpasar,-8.652497,115.219117,31.0,31.0,31.0,1010.8,,,66,1.5,100,,,,,,,,,,,,,40,802,Clouds,scattered clouds,03d
122213,1195700400,2007-11-22 10:00:00,28800,Denpasar,-8.652497,115.219117,30.2,30.2,30.2,1010.2,,,69,2.6,110,,,0.0,,,,,,,,,,40,802,Clouds,scattered clouds,03d
122214,1195704000,2007-11-22 11:00:00,28800,Denpasar,-8.652497,115.219117,31.0,31.0,31.0,1010.2,,,66,3.6,100,,,,,,,,,,,,,40,802,Clouds,scattered clouds,03d
122215,1195707600,2007-11-22 12:00:00,28800,Denpasar,-8.652497,115.219117,32.0,32.0,32.0,1010.2,,,62,3.1,120,,,,,,,,,,,,,40,802,Clouds,scattered clouds,03d
122216,1195711200,2007-11-22 13:00:00,28800,Denpasar,-8.652497,115.219117,31.3,31.3,31.3,1009.1,,,67,3.6,100,,,0.0,,,,,,,,,,40,802,Clouds,scattered clouds,03d
122217,1195714800,2007-11-22 14:00:00,28800,Denpasar,-8.652497,115.219117,26.68,26.68,26.68,1009.0,,,85,1.7,157,,,,,,,,,,,,,97,804,Clouds,overcast clouds,04d
122218,1195718400,2007-11-22 15:00:00,28800,Denpasar,-8.652497,115.219117,26.92,26.92,26.92,1009.0,,,84,2.22,130,0.17,,,,,,,,,,,,99,500,Rain,light rain,10d
122219,1195722000,2007-11-22 16:00:00,28800,Denpasar,-8.652497,115.219117,30.9,30.9,30.9,1008.1,,,69,2.6,130,,,0.0,,,,,,,,,,40,802,Clouds,scattered clouds,03d
122220,1195725600,2007-11-22 17:00:00,28800,Denpasar,-8.652497,115.219117,29.0,29.0,29.0,1009.1,,,79,2.6,150,,,,,,,,,,,,,75,803,Clouds,broken clouds,04d
122221,1195729200,2007-11-22 18:00:00,28800,Denpasar,-8.652497,115.219117,28.0,28.0,28.0,1010.2,,,88,1.5,140,,,,,,,,,,,,,75,501,Rain,moderate rain,10n
122222,1195732800,2007-11-22 19:00:00,28800,Denpasar,-8.652497,115.219117,27.6,27.6,27.6,1010.8,,,92,1.29,87,,,11.9,,,,,,,,,,75,803,Clouds,broken clouds,04n
122223,1195736400,2007-11-22 20:00:00,28800,Denpasar,-8.652497,115.219117,27.0,27.0,27.0,1010.8,,,88,2.6,60,,,,,,,,,,,,,40,802,Clouds,scattered clouds,03n
122224,1195740000,2007-11-22 21:00:00,28800,Denpasar,-8.652497,115.219117,26.0,26.0,26.0,1011.9,,,88,1.0,40,,,,,,,,,,,,,40,802,Clouds,scattered clouds,03n
122225,1195743600,2007-11-22 22:00:00,28800,Denpasar,-8.652497,115.219117,26.0,26.0,26.0,1011.9,,,92,1.5,350,,,0.0,,,,,,,,,,40,211,Thunderstorm,proximity thunderstorm,11n
122226,1195747200,2007-11-22 23:00:00,28800,Denpasar,-8.652497,115.219117,25.8,25.8,25.8,1012.0,,,89,2.81,153,0.32,,,,,,,,,,,,100,500,Rain,light rain,10n
122227,1195750800,2007-11-23 00:00:00,28800,Denpasar,-8.652497,115.219117,26.0,26.0,26.0,1010.8,,,94,2.6,152,,,,,,,,,,,,,40,802,Clouds,scattered clouds,03n
122228,1195754400,2007-11-23 01:00:00,28800,Denpasar,-8.652497,115.219117,25.5,25.5,25.5,1010.6,,,96,1.5,220,,,0.0,,,,,,,,,,40,802,Clouds,scattered clouds,03n
122229,1195758000,2007-11-23 02:00:00,28800,Denpasar,-8.652497,115.219117,25.5,25.5,25.5,1010.6,,,96,1.5,220,,,0.0,,,,,,,,,,40,802,Clouds,scattered clouds,03n
122230,1195761600,2007-11-23 03:00:00,28800,Denpasar,-8.652497,115.219117,25.6,25.6,25.6,1010.2,,,94,1.62,129,,0.9,,,,,,,,,,,75,500,Rain,light rain,10n
122231,1195765200,2007-11-23 04:00:00,28800,Denpasar,-8.652497,115.219117,25.6,25.6,25.6,1010.2,,,94,2.2,129,,0.9,,,,,,,,,,,75,500,Rain,light rain,10n
122232,1195768800,2007-11-23 05:00:00,28800,Denpasar,-8.652497,115.219117,25.25,25.25,25.25,1011.0,,,89,2.93,138,0.53,,,,,,,,,,,,100,500,Rain,light rain,10d
122233,1195772400,2007-11-23 06:00:00,28800,Denpasar,-8.652497,115.219117,25.68,25.68,25.68,1011.0,,,86,3.5,130,0.27,,,,,,,,,,,,100,500,Rain,light rain,10d
122234,1195776000,2007-11-23 07:00:00,28800,Denpasar,-8.652497,115.219117,27.0,27.0,27.0,1010.8,,,88,1.0,250,,,,,,,,,,,,,40,802,Clouds,scattered clouds,03d
122235,1195779600,2007-11-23 08:00:00,28800,Denpasar,-8.652497,115.219117,28.0,28.0,28.0,1011.9,,,88,1.5,240,,,,,,,,,,,,,75,803,Clouds,broken clouds,04d
122236,1195783200,2007-11-23 09:00:00,28800,Denpasar,-8.652497,115.219117,28.0,28.0,28.0,1011.9,,,78,1.0,100,,,,,,,,,,,,,40,802,Clouds,scattered clouds,03d
122237,1195786800,2007-11-23 10:00:00,28800,Denpasar,-8.652497,115.219117,27.6,27.6,27.6,1011.9,,,87,2.1,100,,,0.0,,,,,,,,,,40,802,Clouds,scattered clouds,03d
122238,1195790400,2007-11-23 11:00:00,28800,Denpasar,-8.652497,115.219117,30.0,30.0,30.0,1010.8,,,74,2.6,120,,,,,,,,,,,,,40,802,Clouds,scattered clouds,03d
122239,1195794000,2007-11-23 12:00:00,28800,Denpasar,-8.652497,115.219117,30.0,30.0,30.0,1010.2,,,70,2.6,120,,,,,,,,,,,,,40,802,Clouds,scattered clouds,03d
122240,1195797600,2007-11-23 13:00:00,28800,Denpasar,-8.652497,115.219117,30.4,30.4,30.4,1009.8,,,70,3.1,120,,,0.0,,,,,,,,,,40,802,Clouds,scattered clouds,03d
122241,1195801200,2007-11-23 14:00:00,28800,Denpasar,-8.652497,115.219117,32.0,32.0,32.0,1008.1,,,66,2.88,157,,,,,,,,,,,,,40,802,Clouds,scattered clouds,03d
122242,1195804800,2007-11-23 15:00:00,28800,Denpasar,-8.652497,115.219117,31.0,31.0,31.0,1008.1,,,70,3.1,110,,,,,,,,,,,,,40,802,Clouds,scattered clouds,03d
122243,1195808400,2007-11-23 16:00:00,28800,Denpasar,-8.652497,115.219117,29.8,29.8,29.8,1008.1,,,74,3.1,20,,,0.0,,,,,,,,,,40,211,Thunderstorm,thunderstorm,11d
122244,1195812000,2007-11-23 17:00:00,28800,Denpasar,-8.652497,115.219117,27.0,27.0,27.0,1008.1,,,88,0.77,208,,,,,,,,,,,,,40,802,Clouds,scattered clouds,03d
122245,1195815600,2007-11-23 18:00:00,28800,Denpasar,-8.652497,115.219117,27.0,27.0,27.0,1009.1,,,88,0.7,214,,,,,,,,,,,,,40,802,Clouds,scattered clouds,03n
122246,1195819200,2007-11-23 19:00:00,28800,Denpasar,-8.652497,115.219117,27.0,27.0,27.0,1010.2,,,88,0.74,172,,0.5,0.5,,,,,,,,,,40,500,Rain,light rain,10n
122247,1195822800,2007-11-23 20:00:00,28800,Denpasar,-8.652497,115.219117,27.0,27.0,27.0,1010.8,,,94,1.21,149,,,,,,,,,,,,,40,802,Clouds,scattered clouds,03n
122248,1195826400,2007-11-23 21:00:00,28800,Denpasar,-8.652497,115.219117,27.0,27.0,27.0,1010.8,,,94,2.35,140,,,,,,,,,,,,,40,802,Clouds,scattered clouds,03n
122249,1195830000,2007-11-23 22:00:00,28800,Denpasar,-8.652497,115.219117,26.6,26.6,26.6,1010.8,,,92,2.35,136,,,0.0,,,,,,,,,,20,211,Thunderstorm,proximity thunderstorm,11n
122250,1195833600,2007-11-23 23:00:00,28800,Denpasar,-8.652497,115.219117,26.6,26.6,26.6,1010.8,,,92,2.07,132,,,0.0,,,,,,,,,,20,211,Thunderstorm,proximity thunderstorm,11n
122251,1195837200,2007-11-24 00:00:00,28800,Denpasar,-8.652497,115.219117,26.4,26.4,26.4,1010.1,,,92,2.1,320,,0.1,,,,,,,,,,,40,211,Thunderstorm,proximity thunderstorm,11n
122252,1195837200,2007-11-24 00:00:00,28800,Denpasar,-8.652497,115.219117,26.4,26.4,26.4,1010.1,,,92,2.1,320,,0.1,,,,,,,,,,,40,500,Rain,light rain,10n
122253,1195840800,2007-11-24 01:00:00,28800,Denpasar,-8.652497,115.219117,25.35,25.35,25.35,1010.0,,,89,1.94,116,0.54,,,,,,,,,,,,99,500,Rain,light rain,10n
122254,1195844400,2007-11-24 02:00:00,28800,Denpasar,-8.652497,115.219117,26.0,26.0,26.0,1009.1,,,94,1.5,350,,,,,,,,,,,,,40,802,Clouds,scattered clouds,03n
122255,1195848000,2007-11-24 03:00:00,28800,Denpasar,-8.652497,115.219117,26.0,26.0,26.0,1009.1,,,94,1.26,108,,,,,,,,,,,,,40,802,Clouds,scattered clouds,03n
122256,1195851600,2007-11-24 04:00:00,28800,Denpasar,-8.652497,115.219117,26.2,26.2,26.2,1009.1,,,88,3.1,260,,0.2,,,,,,,,,,,40,501,Rain,moderate rain,10n
122257,1195855200,2007-11-24 05:00:00,28800,Denpasar,-8.652497,115.219117,26.0,26.0,26.0,1009.1,,,88,3.1,290,,,,,,,,,,,,,40,802,Clouds,scattered clouds,03d
122258,1195858800,2007-11-24 06:00:00,28800,Denpasar,-8.652497,115.219117,27.0,27.0,27.0,1010.2,,,88,1.5,320,,,,,,,,,,,,,20,801,Clouds,few clouds,02d
122259,1195862400,2007-11-24 07:00:00,28800,Denpasar,-8.652497,115.219117,27.5,27.5,27.5,1010.2,,,85,1.0,320,,1.0,,,2.0,,,,,,,,20,500,Rain,light rain,10d
122260,1195866000,2007-11-24 08:00:00,28800,Denpasar,-8.652497,115.219117,29.0,29.0,29.0,1010.8,,,83,1.5,300,,,,,,,,,,,,,40,802,Clouds,scattered clouds,03d
122261,1195869600,2007-11-24 09:00:00,28800,Denpasar,-8.652497,115.219117,30.0,30.0,30.0,1010.8,,,74,3.1,270,,,,,,,,,,,,,40,802,Clouds,scattered clouds,03d
122262,1195873200,2007-11-24 10:00:00,28800,Denpasar,-8.652497,115.219117,29.2,29.2,29.2,1010.8,,,79,2.1,270,,,0.0,,,,,,,,,,40,802,Clouds,scattered clouds,03d
122263,1195876800,2007-11-24 11:00:00,28800,Denpasar,-8.652497,115.219117,30.0,30.0,30.0,1010.2,,,79,2.6,250,,,,,,,,,,,,,40,802,Clouds,scattered clouds,03d
122264,1195880400,2007-11-24 12:00:00,28800,Denpasar,-8.652497,115.219117,31.0,31.0,31.0,1009.1,,,74,2.6,250,,,,,,,,,,,,,20,801,Clouds,few clouds,02d
122265,1195884000,2007-11-24 13:00:00,28800,Denpasar,-8.652497,115.219117,29.8,29.8,29.8,1008.1,,,74,2.1,130,,,0.0,,,,,,,,,,40,802,Clouds,scattered clouds,03d
122266,1195887600,2007-11-24 14:00:00,28800,Denpasar,-8.652497,115.219117,29.0,29.0,29.0,1008.1,,,79,2.6,100,,,,,,,,,,,,,40,211,Thunderstorm,thunderstorm,11d
122267,1195891200,2007-11-24 15:00:00,28800,Denpasar,-8.652497,115.219117,28.0,28.0,28.0,1008.1,,,78,2.6,350,,,,,,,,,,,,,40,211,Thunderstorm,thunderstorm,11d
122268,1195894800,2007-11-24 16:00:00,28800,Denpasar,-8.652497,115.219117,27.4,27.4,27.4,1008.1,,,81,2.6,340,,,0.0,,,,,,,,,,40,802,Clouds,scattered clouds,03d
122269,1195898400,2007-11-24 17:00:00,28800,Denpasar,-8.652497,115.219117,27.0,27.0,27.0,1008.1,,,83,2.6,330,,,,,,,,,,,,,40,802,Clouds,scattered clouds,03d
122270,1195902000,2007-11-24 18:00:00,28800,Denpasar,-8.652497,115.219117,26.37,26.37,26.37,1009.0,,,88,0.93,36,0.11,,,,,,,,,,,,99,500,Rain,light rain,10n
122271,1195905600,2007-11-24 19:00:00,28800,Denpasar,-8.652497,115.219117,26.48,26.48,26.48,1010.0,,,86,0.58,27,0.14,,,,,,,,,,,,96,500,Rain,light rain,10n
122272,1195909200,2007-11-24 20:00:00,28800,Denpasar,-8.652497,115.219117,26.0,26.0,26.0,1010.2,,,88,0.25,358,,,,,,,,,,,,,20,801,Clouds,few clouds,02n
122273,1195912800,2007-11-24 21:00:00,28800,Denpasar,-8.652497,115.219117,26.0,26.0,26.0,1010.8,,,94,1.5,320,,,,,,,,,,,,,20,801,Clouds,few clouds,02n
122274,1195916400,2007-11-24 22:00:00,28800,Denpasar,-8.652497,115.219117,26.6,26.6,26.6,1010.8,,,88,1.5,320,,,0.0,,,,,,,,,,20,801,Clouds,few clouds,02n
122275,1195920000,2007-11-24 23:00:00,28800,Denpasar,-8.652497,115.219117,26.37,26.37,26.37,1010.0,,,86,0.2,210,,,,,,,,,,,,,100,804,Clouds,overcast clouds,04n
122276,1195923600,2007-11-25 00:00:00,28800,Denpasar,-8.652497,115.219117,26.31,26.31,26.31,1010.0,,,87,0.22,349,,,,,,,,,,,,,98,804,Clouds,overcast clouds,04n
122277,1195927200,2007-11-25 01:00:00,28800,Denpasar,-8.652497,115.219117,26.2,26.2,26.2,1010.0,,,88,1.0,310,,,0.0,,,,,,,,,,20,211,Thunderstorm,proximity thunderstorm,11n
122278,1195930800,2007-11-25 02:00:00,28800,Denpasar,-8.652497,115.219117,26.2,26.2,26.2,1010.0,,,88,1.0,310,,,0.0,,,,,,,,,,20,211,Thunderstorm,proximity thunderstorm,11n
122279,1195934400,2007-11-25 03:00:00,28800,Denpasar,-8.652497,115.219117,25.4,25.4,25.4,1009.4,,,91,1.0,300,,,0.0,,,,,,,,,,20,801,Clouds,few clouds,02n
122280,1195938000,2007-11-25 04:00:00,28800,Denpasar,-8.652497,115.219117,25.78,25.78,25.78,1009.0,,,90,0.92,251,0.14,,,,,,,,,,,,40,500,Rain,light rain,10n
122281,1195941600,2007-11-25 05:00:00,28800,Denpasar,-8.652497,115.219117,25.0,25.0,25.0,1009.1,,,94,1.0,40,,,,,,,,,,,,,20,801,Clouds,few clouds,02d
122282,1195945200,2007-11-25 06:00:00,28800,Denpasar,-8.652497,115.219117,27.0,27.0,27.0,1010.2,,,88,1.5,330,,,,,,,,,,,,,20,801,Clouds,few clouds,02d
122283,1195948800,2007-11-25 07:00:00,28800,Denpasar,-8.652497,115.219117,27.4,27.4,27.4,1010.8,,,81,2.6,320,,,0.0,,,,,,,,,,20,801,Clouds,few clouds,02d
122284,1195952400,2007-11-25 08:00:00,28800,Denpasar,-8.652497,115.219117,30.0,30.0,30.0,1010.8,,,79,2.1,310,,,,,,,,,,,,,20,801,Clouds,few clouds,02d
122285,1195956000,2007-11-25 09:00:00,28800,Denpasar,-8.652497,115.219117,30.0,30.0,30.0,1010.8,,,74,3.1,290,,,,,,,,,,,,,40,802,Clouds,scattered clouds,03d
122286,1195959600,2007-11-25 10:00:00,28800,Denpasar,-8.652497,115.219117,29.6,29.6,29.6,1011.1,,,73,3.1,270,,,0.0,,,,,,,,,,40,802,Clouds,scattered clouds,03d
122287,1195963200,2007-11-25 11:00:00,28800,Denpasar,-8.652497,115.219117,31.0,31.0,31.0,1010.2,,,74,2.6,260,,,,,,,,,,,,,40,802,Clouds,scattered clouds,03d
122288,1195966800,2007-11-25 12:00:00,28800,Denpasar,-8.652497,115.219117,31.0,31.0,31.0,1009.1,,,74,3.6,260,,,,,,,,,,,,,40,802,Clouds,scattered clouds,03d
122289,1195970400,2007-11-25 13:00:00,28800,Denpasar,-8.652497,115.219117,31.2,31.2,31.2,1008.1,,,71,2.6,240,,,0.0,,,,,,,,,,40,802,Clouds,scattered clouds,03d
122290,1195974000,2007-11-25 14:00:00,28800,Denpasar,-8.652497,115.219117,31.0,31.0,31.0,1008.1,,,74,5.7,260,,,,,,,,,,,,,40,802,Clouds,scattered clouds,03d
122291,1195977600,2007-11-25 15:00:00,28800,Denpasar,-8.652497,115.219117,31.0,31.0,31.0,1008.1,,,74,5.7,240,,,,,,,,,,,,,40,211,Thunderstorm,thunderstorm,11d
122292,1195981200,2007-11-25 16:00:00,28800,Denpasar,-8.652497,115.219117,29.2,29.2,29.2,1008.3,,,78,3.6,250,,,0.0,,,,,,,,,,40,802,Clouds,scattered clouds,03d
122293,1195984800,2007-11-25 17:00:00,28800,Denpasar,-8.652497,115.219117,29.0,29.0,29.0,1008.1,,,79,2.1,260,,,,,,,,,,,,,20,801,Clouds,few clouds,02d
122294,1195988400,2007-11-25 18:00:00,28800,Denpasar,-8.652497,115.219117,26.54,26.54,26.54,1009.0,,,85,1.26,288,0.22,,,,,,,,,,,,100,500,Rain,light rain,10n
122295,1195992000,2007-11-25 19:00:00,28800,Denpasar,-8.652497,115.219117,26.07,26.07,26.07,1010.0,,,87,1.84,279,0.43,,,,,,,,,,,,100,500,Rain,light rain,10n
122296,1195995600,2007-11-25 20:00:00,28800,Denpasar,-8.652497,115.219117,27.0,27.0,27.0,1010.2,,,88,2.1,340,,,,,,,,,,,,,75,803,Clouds,broken clouds,04n
122297,1195999200,2007-11-25 21:00:00,28800,Denpasar,-8.652497,115.219117,27.0,27.0,27.0,1010.2,,,88,1.0,360,,,,,,,,,,,,,75,803,Clouds,broken clouds,04n
122298,1196002800,2007-11-25 22:00:00,28800,Denpasar,-8.652497,115.219117,26.6,26.6,26.6,1010.1,,,87,1.5,350,,,0.0,,,,,,,,,,40,802,Clouds,scattered clouds,03n
122299,1196006400,2007-11-25 23:00:00,28800,Denpasar,-8.652497,115.219117,28.0,28.0,28.0,1009.1,,,88,2.1,310,,,,,,,,,,,,,40,802,Clouds,scattered clouds,03n
122300,1196010000,2007-11-26 00:00:00,28800,Denpasar,-8.652497,115.219117,27.0,27.0,27.0,1009.1,,,88,2.1,240,,,,,,,,,,,,,75,803,Clouds,broken clouds,04n
122301,1196013600,2007-11-26 01:00:00,28800,Denpasar,-8.652497,115.219117,25.4,25.4,25.4,1009.9,,,94,3.1,300,,,16.0,,,,,,,,,,40,802,Clouds,scattered clouds,03n
122302,1196017200,2007-11-26 02:00:00,28800,Denpasar,-8.652497,115.219117,25.4,25.4,25.4,1009.9,,,94,3.1,300,,,16.0,,,,,,,,,,40,802,Clouds,scattered clouds,03n
122303,1196020800,2007-11-26 03:00:00,28800,Denpasar,-8.652497,115.219117,24.4,24.4,24.4,1008.5,,,93,2.6,330,,56.0,,,,,,,,,,,75,503,Rain,very heavy rain,10n
122304,1196020800,2007-11-26 03:00:00,28800,Denpasar,-8.652497,115.219117,24.4,24.4,24.4,1008.5,,,93,2.6,330,,56.0,,,,,,,,,,,75,721,Haze,haze,50n
122305,1196024400,2007-11-26 04:00:00,28800,Denpasar,-8.652497,115.219117,25.6,25.6,25.6,1009.0,,,90,1.93,269,0.17,,,,,,,,,,,,99,500,Rain,light rain,10n
122306,1196028000,2007-11-26 05:00:00,28800,Denpasar,-8.652497,115.219117,24.0,24.0,24.0,1009.1,,,100,1.5,260,,,,,,,,,,,,,75,803,Clouds,broken clouds,04d
122307,1196031600,2007-11-26 06:00:00,28800,Denpasar,-8.652497,115.219117,26.0,26.0,26.0,1009.1,,,100,2.6,290,,,,,,,,,,,,,40,501,Rain,moderate rain,10d
122308,1196035200,2007-11-26 07:00:00,28800,Denpasar,-8.652497,115.219117,26.4,26.4,26.4,1009.1,,,90,2.1,300,,12.0,,,84.1,,,,,,,,40,501,Rain,moderate rain,10d
122309,1196038800,2007-11-26 08:00:00,28800,Denpasar,-8.652497,115.219117,28.0,28.0,28.0,1009.1,,,88,3.6,310,,,,,,,,,,,,,40,802,Clouds,scattered clouds,03d
122310,1196042400,2007-11-26 09:00:00,28800,Denpasar,-8.652497,115.219117,29.0,29.0,29.0,1009.1,,,79,3.1,280,,,,,,,,,,,,,40,802,Clouds,scattered clouds,03d
122311,1196046000,2007-11-26 10:00:00,28800,Denpasar,-8.652497,115.219117,28.6,28.6,28.6,1009.1,,,80,3.1,260,,,0.0,,,,,,,,,,20,801,Clouds,few clouds,02d
122312,1196049600,2007-11-26 11:00:00,28800,Denpasar,-8.652497,115.219117,31.0,31.0,31.0,1008.1,,,74,3.6,280,,,,,,,,,,,,,20,801,Clouds,few clouds,02d
122313,1196053200,2007-11-26 12:00:00,28800,Denpasar,-8.652497,115.219117,31.0,31.0,31.0,1007.1,,,74,4.6,270,,,,,,,,,,,,,40,802,Clouds,scattered clouds,03d
122314,1196056800,2007-11-26 13:00:00,28800,Denpasar,-8.652497,115.219117,29.4,29.4,29.4,1007.1,,,76,3.6,260,,,0.0,,,,,,,,,,40,802,Clouds,scattered clouds,03d
122315,1196060400,2007-11-26 14:00:00,28800,Denpasar,-8.652497,115.219117,30.0,30.0,30.0,1006.1,,,74,3.1,260,,,,,,,,,,,,,40,802,Clouds,scattered clouds,03d
122316,1196064000,2007-11-26 15:00:00,28800,Denpasar,-8.652497,115.219117,30.0,30.0,30.0,1006.1,,,74,3.6,250,,,,,,,,,,,,,40,802,Clouds,scattered clouds,03d
122317,1196067600,2007-11-26 16:00:00,28800,Denpasar,-8.652497,115.219117,29.8,29.8,29.8,1006.1,,,75,3.1,260,,,0.0,,,,,,,,,,40,802,Clouds,scattered clouds,03d
122318,1196071200,2007-11-26 17:00:00,28800,Denpasar,-8.652497,115.219117,29.0,29.0,29.0,1006.1,,,79,2.1,250,,,,,,,,,,,,,40,802,Clouds,scattered clouds,03d
122319,1196074800,2007-11-26 18:00:00,28800,Denpasar,-8.652497,115.219117,28.0,28.0,28.0,1006.1,,,83,1.5,250,,,,,,,,,,,,,40,802,Clouds,scattered clouds,03n
122320,1196078400,2007-11-26 19:00:00,28800,Denpasar,-8.652497,115.219117,27.6,27.6,27.6,1007.1,,,87,2.1,260,,,0.0,,,,,,,,,,40,802,Clouds,scattered clouds,03n
122321,1196082000,2007-11-26 20:00:00,28800,Denpasar,-8.652497,115.219117,27.0,27.0,27.0,1008.1,,,88,4.1,320,,,,,,,,,,,,,75,803,Clouds,broken clouds,04n
122322,1196085600,2007-11-26 21:00:00,28800,Denpasar,-8.652497,115.219117,26.0,26.0,26.0,1009.1,,,88,2.6,290,,,,,,,,,,,,,75,501,Rain,moderate rain,10n
122323,1196089200,2007-11-26 22:00:00,28800,Denpasar,-8.652497,115.219117,26.4,26.4,26.4,1008.1,,,88,1.5,260,,4.0,,,,,,,,,,,75,501,Rain,moderate rain,10n
122324,1196092800,2007-11-26 23:00:00,28800,Denpasar,-8.652497,115.219117,27.0,27.0,27.0,1008.1,,,88,2.1,260,,,,,,,,,,,,,75,803,Clouds,broken clouds,04n
122325,1196096400,2007-11-27 00:00:00,28800,Denpasar,-8.652497,115.219117,27.0,27.0,27.0,1007.1,,,88,2.1,320,,,,,,,,,,,,,75,803,Clouds,broken clouds,04n
122326,1196100000,2007-11-27 01:00:00,28800,Denpasar,-8.652497,115.219117,26.4,26.4,26.4,1007.1,,,90,3.1,290,,,,,,,,,,,,,75,211,Thunderstorm,proximity thunderstorm,11n
122327,1196103600,2007-11-27 02:00:00,28800,Denpasar,-8.652497,115.219117,26.4,26.4,26.4,1007.1,,,90,3.1,290,,,,,,,,,,,,,75,211,Thunderstorm,proximity thunderstorm,11n
122328,1196107200,2007-11-27 03:00:00,28800,Denpasar,-8.652497,115.219117,25.58,25.58,25.58,1007.0,,,88,2.4,241,1.28,,,,,,,,,,,,100,501,Rain,moderate rain,10n
122329,1196110800,2007-11-27 04:00:00,28800,Denpasar,-8.652497,115.219117,25.66,25.66,25.66,1007.0,,,88,1.92,229,1.31,,,,,,,,,,,,100,501,Rain,moderate rain,10n
122330,1196114400,2007-11-27 05:00:00,28800,Denpasar,-8.652497,115.219117,25.72,25.72,25.72,1007.0,,,87,3.89,197,0.59,,,,,,,,,,,,99,500,Rain,light rain,10d
122331,1196118000,2007-11-27 06:00:00,28800,Denpasar,-8.652497,115.219117,26.4,26.4,26.4,1008.1,,,87,2.1,220,,,,,,,,,,,,,75,803,Clouds,broken clouds,04d
122332,1196121600,2007-11-27 07:00:00,28800,Denpasar,-8.652497,115.219117,26.19,26.19,26.19,1008.0,,,86,3.51,168,0.72,,,,,,,,,,,,100,500,Rain,light rain,10d
122333,1196125200,2007-11-27 08:00:00,28800,Denpasar,-8.652497,115.219117,28.0,28.0,28.0,1008.1,,,83,3.1,260,,,,,,,,,,,,,40,802,Clouds,scattered clouds,03d
122334,1196128800,2007-11-27 09:00:00,28800,Denpasar,-8.652497,115.219117,28.0,28.0,28.0,1009.1,,,83,5.1,330,,,,,,,,,,,,,75,803,Clouds,broken clouds,04d
122335,1196132400,2007-11-27 10:00:00,28800,Denpasar,-8.652497,115.219117,27.2,27.2,27.2,1008.1,,,92,3.6,280,,0.5,,,,,,,,,,,40,501,Rain,moderate rain,10d
122336,1196136000,2007-11-27 11:00:00,28800,Denpasar,-8.652497,115.219117,30.0,30.0,30.0,1008.1,,,79,5.1,280,,,,,,,,,,,,,40,802,Clouds,scattered clouds,03d
122337,1196139600,2007-11-27 12:00:00,28800,Denpasar,-8.652497,115.219117,30.0,30.0,30.0,1007.1,,,79,3.6,260,,,,,,,,,,,,,75,803,Clouds,broken clouds,04d
122338,1196143200,2007-11-27 13:00:00,28800,Denpasar,-8.652497,115.219117,28.4,28.4,28.4,1007.1,,,86,3.1,260,,,0.5,,,,,,,,,,40,802,Clouds,scattered clouds,03d
122339,1196146800,2007-11-27 14:00:00,28800,Denpasar,-8.652497,115.219117,26.13,26.13,26.13,1007.0,,,87,1.26,165,0.59,,,,,,,,,,,,100,500,Rain,light rain,10d
122340,1196150400,2007-11-27 15:00:00,28800,Denpasar,-8.652497,115.219117,26.24,26.24,26.24,1007.0,,,85,1.67,210,0.47,,,,,,,,,,,,100,500,Rain,light rain,10d
122341,1196154000,2007-11-27 16:00:00,28800,Denpasar,-8.652497,115.219117,26.11,26.11,26.11,1007.0,,,86,1.85,226,0.44,,,,,,,,,,,,100,500,Rain,light rain,10d
122342,1196157600,2007-11-27 17:00:00,28800,Denpasar,-8.652497,115.219117,28.0,28.0,28.0,1007.1,,,83,1.0,250,,,,,,,,,,,,,40,802,Clouds,scattered clouds,03d
122343,1196161200,2007-11-27 18:00:00,28800,Denpasar,-8.652497,115.219117,28.0,28.0,28.0,1007.1,,,83,1.0,220,,,,,,,,,,,,,75,803,Clouds,broken clouds,04n
122344,1196164800,2007-11-27 19:00:00,28800,Denpasar,-8.652497,115.219117,27.0,27.0,27.0,1008.1,,,90,2.97,179,,0.8,,,,,,,,,,,40,500,Rain,light rain,10n
122345,1196168400,2007-11-27 20:00:00,28800,Denpasar,-8.652497,115.219117,25.77,25.77,25.77,1009.0,,,89,3.13,175,0.4,,,,,,,,,,,,100,500,Rain,light rain,10n
122346,1196172000,2007-11-27 21:00:00,28800,Denpasar,-8.652497,115.219117,25.4,25.4,25.4,1010.0,,,92,2.86,178,1.19,,,,,,,,,,,,100,501,Rain,moderate rain,10n
122347,1196175600,2007-11-27 22:00:00,28800,Denpasar,-8.652497,115.219117,25.6,25.6,25.6,1009.1,,,93,4.1,310,,0.1,,,,,,,,,,,40,211,Thunderstorm,thunderstorm,11n
122348,1196175600,2007-11-27 22:00:00,28800,Denpasar,-8.652497,115.219117,25.6,25.6,25.6,1009.1,,,93,4.1,310,,0.1,,,,,,,,,,,40,500,Rain,light rain,10n
122349,1196179200,2007-11-27 23:00:00,28800,Denpasar,-8.652497,115.219117,25.6,25.6,25.6,1009.1,,,93,4.1,310,,0.1,,,,,,,,,,,40,211,Thunderstorm,thunderstorm,11n
122350,1196179200,2007-11-27 23:00:00,28800,Denpasar,-8.652497,115.219117,25.6,25.6,25.6,1009.1,,,93,4.1,310,,0.1,,,,,,,,,,,40,500,Rain,light rain,10n
122351,1196182800,2007-11-28 00:00:00,28800,Denpasar,-8.652497,115.219117,25.6,25.6,25.6,1008.0,,,93,2.6,280,,,,,,,,,,,,,40,211,Thunderstorm,thunderstorm,11n
122352,1196186400,2007-11-28 01:00:00,28800,Denpasar,-8.652497,115.219117,25.6,25.6,25.6,1008.0,,,93,2.6,280,,,,,,,,,,,,,40,211,Thunderstorm,thunderstorm,11n
122353,1196190000,2007-11-28 02:00:00,28800,Denpasar,-8.652497,115.219117,25.6,25.6,25.6,1008.0,,,93,2.6,280,,,,,,,,,,,,,40,211,Thunderstorm,thunderstorm,11n
122354,1196193600,2007-11-28 03:00:00,28800,Denpasar,-8.652497,115.219117,25.6,25.6,25.6,1008.0,,,94,3.2,130,,4.0,,,,,,,,,,,40,211,Thunderstorm,proximity thunderstorm,11n
122355,1196193600,2007-11-28 03:00:00,28800,Denpasar,-8.652497,115.219117,25.6,25.6,25.6,1008.0,,,94,3.2,130,,4.0,,,,,,,,,,,40,501,Rain,moderate rain,10n
122356,1196197200,2007-11-28 04:00:00,28800,Denpasar,-8.652497,115.219117,25.72,25.72,25.72,1008.0,,,88,3.12,114,6.34,,,,,,,,,,,,100,502,Rain,heavy intensity rain,10n
122357,1196200800,2007-11-28 05:00:00,28800,Denpasar,-8.652497,115.219117,26.0,26.0,26.0,1008.1,,,94,1.5,20,,,,,,,,,,,,,40,802,Clouds,scattered clouds,03d
122358,1196204400,2007-11-28 06:00:00,28800,Denpasar,-8.652497,115.219117,26.0,26.0,26.0,1008.1,,,94,2.62,122,,,,,,,,,,,,,40,802,Clouds,scattered clouds,03d
122359,1196208000,2007-11-28 07:00:00,28800,Denpasar,-8.652497,115.219117,26.0,26.0,26.0,1009.1,,,93,2.92,127,,,,,6.1,,,,,,,,40,802,Clouds,scattered clouds,03d
122360,1196211600,2007-11-28 08:00:00,28800,Denpasar,-8.652497,115.219117,28.0,28.0,28.0,1009.1,,,83,3.22,131,,,,,,,,,,,,,40,802,Clouds,scattered clouds,03d
122361,1196215200,2007-11-28 09:00:00,28800,Denpasar,-8.652497,115.219117,28.0,28.0,28.0,1009.1,,,83,1.0,270,,,,,,,,,,,,,40,802,Clouds,scattered clouds,03d
122362,1196218800,2007-11-28 10:00:00,28800,Denpasar,-8.652497,115.219117,29.1,29.1,29.1,1009.1,,,78,3.1,300,,,0.0,,,,,,,,,,40,802,Clouds,scattered clouds,03d
122363,1196222400,2007-11-28 11:00:00,28800,Denpasar,-8.652497,115.219117,29.0,29.0,29.0,1009.1,,,79,3.6,240,,,,,,,,,,,,,40,802,Clouds,scattered clouds,03d
122364,1196226000,2007-11-28 12:00:00,28800,Denpasar,-8.652497,115.219117,30.0,30.0,30.0,1008.1,,,74,3.6,250,,,,,,,,,,,,,40,802,Clouds,scattered clouds,03d
122365,1196229600,2007-11-28 13:00:00,28800,Denpasar,-8.652497,115.219117,29.6,29.6,29.6,1007.1,,,76,3.6,260,,,0.0,,,,,,,,,,40,802,Clouds,scattered clouds,03d
122366,1196233200,2007-11-28 14:00:00,28800,Denpasar,-8.652497,115.219117,30.0,30.0,30.0,1007.1,,,79,4.1,260,,,,,,,,,,,,,40,802,Clouds,scattered clouds,03d
122367,1196236800,2007-11-28 15:00:00,28800,Denpasar,-8.652497,115.219117,29.0,29.0,29.0,1007.1,,,83,4.1,260,,,,,,,,,,,,,40,802,Clouds,scattered clouds,03d
122368,1196240400,2007-11-28 16:00:00,28800,Denpasar,-8.652497,115.219117,29.0,29.0,29.0,1007.1,,,74,3.6,260,,,0.0,,,,,,,,,,40,802,Clouds,scattered clouds,03d
122369,1196244000,2007-11-28 17:00:00,28800,Denpasar,-8.652497,115.219117,29.0,29.0,29.0,1008.1,,,79,1.5,240,,,,,,,,,,,,,40,802,Clouds,scattered clouds,03d
122370,1196247600,2007-11-28 18:00:00,28800,Denpasar,-8.652497,115.219117,28.0,28.0,28.0,1009.1,,,83,1.0,200,,,,,,,,,,,,,40,211,Thunderstorm,thunderstorm,11n
122371,1196251200,2007-11-28 19:00:00,28800,Denpasar,-8.652497,115.219117,27.8,27.8,27.8,1009.1,,,81,3.09,111,,,0.0,,,,,,,,,,40,802,Clouds,scattered clouds,03n
122372,1196254800,2007-11-28 20:00:00,28800,Denpasar,-8.652497,115.219117,26.74,26.74,26.74,1010.0,,,85,2.62,108,,,,,,,,,,,,,99,804,Clouds,overcast clouds,04n
122373,1196258400,2007-11-28 21:00:00,28800,Denpasar,-8.652497,115.219117,26.57,26.57,26.57,1010.0,,,86,2.7,106,0.15,,,,,,,,,,,,100,500,Rain,light rain,10n
122374,1196262000,2007-11-28 22:00:00,28800,Denpasar,-8.652497,115.219117,26.2,26.2,26.2,1010.6,,,92,1.5,330,,1.0,,,,,,,,,,,40,500,Rain,light rain,10n
122375,1196265600,2007-11-28 23:00:00,28800,Denpasar,-8.652497,115.219117,26.0,26.0,26.0,1009.1,,,94,0.5,340,,,,,,,,,,,,,40,802,Clouds,scattered clouds,03n
122376,1196269200,2007-11-29 00:00:00,28800,Denpasar,-8.652497,115.219117,25.81,25.81,25.81,1009.0,,,91,4.24,112,0.26,,,,,,,,,,,,99,500,Rain,light rain,10n
122377,1196272800,2007-11-29 01:00:00,28800,Denpasar,-8.652497,115.219117,25.68,25.68,25.68,1009.0,,,92,4.28,113,0.27,,,,,,,,,,,,89,500,Rain,light rain,10n
122378,1196276400,2007-11-29 02:00:00,28800,Denpasar,-8.652497,115.219117,25.0,25.0,25.0,1008.1,,,100,1.0,140,,,,,,,,,,,,,75,201,Thunderstorm,thunderstorm with rain,11n
122379,1196276400,2007-11-29 02:00:00,28800,Denpasar,-8.652497,115.219117,25.0,25.0,25.0,1008.1,,,100,1.0,140,,,,,,,,,,,,,75,521,Rain,shower rain,09n
122380,1196280000,2007-11-29 03:00:00,28800,Denpasar,-8.652497,115.219117,25.47,25.47,25.47,1009.0,,,92,4.91,110,0.29,,,,,,,,,,,,98,500,Rain,light rain,10n
122381,1196283600,2007-11-29 04:00:00,28800,Denpasar,-8.652497,115.219117,25.56,25.56,25.56,1009.0,,,92,5.2,109,0.31,,,,,,,,,,,,89,500,Rain,light rain,10n
122382,1196287200,2007-11-29 05:00:00,28800,Denpasar,-8.652497,115.219117,25.0,25.0,25.0,1009.1,,,100,1.0,170,,,,,,,,,,,,,40,802,Clouds,scattered clouds,03d
122383,1196290800,2007-11-29 06:00:00,28800,Denpasar,-8.652497,115.219117,26.0,26.0,26.0,1010.2,,,100,5.05,106,,,,,,,,,,,,,40,802,Clouds,scattered clouds,03d
122384,1196294400,2007-11-29 07:00:00,28800,Denpasar,-8.652497,115.219117,26.4,26.4,26.4,1009.1,,,90,5.17,111,,,,,7.1,,,,,,,,40,802,Clouds,scattered clouds,03d
122385,1196298000,2007-11-29 08:00:00,28800,Denpasar,-8.652497,115.219117,29.0,29.0,29.0,1010.8,,,79,2.6,120,,,,,,,,,,,,,40,802,Clouds,scattered clouds,03d
122386,1196301600,2007-11-29 09:00:00,28800,Denpasar,-8.652497,115.219117,30.0,30.0,30.0,1010.8,,,74,1.5,110,,,,,,,,,,,,,40,802,Clouds,scattered clouds,03d
122387,1196305200,2007-11-29 10:00:00,28800,Denpasar,-8.652497,115.219117,30.0,30.0,30.0,1011.0,,,74,3.1,80,,,0.0,,,,,,,,,,40,802,Clouds,scattered clouds,03d
122388,1196308800,2007-11-29 11:00:00,28800,Denpasar,-8.652497,115.219117,30.0,30.0,30.0,1010.2,,,74,2.6,80,,,,,,,,,,,,,40,802,Clouds,scattered clouds,03d
122389,1196312400,2007-11-29 12:00:00,28800,Denpasar,-8.652497,115.219117,30.0,30.0,30.0,1009.1,,,79,4.1,100,,,,,,,,,,,,,40,802,Clouds,scattered clouds,03d
122390,1196316000,2007-11-29 13:00:00,28800,Denpasar,-8.652497,115.219117,30.8,30.8,30.8,1008.1,,,73,5.7,130,,,0.0,,,,,,,,,,40,802,Clouds,scattered clouds,03d
122391,1196319600,2007-11-29 14:00:00,28800,Denpasar,-8.652497,115.219117,31.0,31.0,31.0,1007.1,,,70,5.7,120,,,,,,,,,,,,,20,801,Clouds,few clouds,02d
122392,1196323200,2007-11-29 15:00:00,28800,Denpasar,-8.652497,115.219117,28.18,28.18,28.18,1007.0,,,82,5.8,127,,,,,,,,,,,,,30,802,Clouds,scattered clouds,03d
122393,1196326800,2007-11-29 16:00:00,28800,Denpasar,-8.652497,115.219117,27.94,27.94,27.94,1007.0,,,84,5.78,120,,,,,,,,,,,,,33,802,Clouds,scattered clouds,03d
122394,1196330400,2007-11-29 17:00:00,28800,Denpasar,-8.652497,115.219117,30.0,30.0,30.0,1007.1,,,74,5.1,120,,,,,,,,,,,,,20,801,Clouds,few clouds,02d
122395,1196334000,2007-11-29 18:00:00,28800,Denpasar,-8.652497,115.219117,29.0,29.0,29.0,1008.1,,,83,3.6,120,,,,,,,,,,,,,20,801,Clouds,few clouds,02n
122396,1196337600,2007-11-29 19:00:00,28800,Denpasar,-8.652497,115.219117,28.9,28.9,28.9,1009.1,,,81,4.1,120,,,0.0,,,,,,,,,,20,211,Thunderstorm,proximity thunderstorm,11n
122397,1196341200,2007-11-29 20:00:00,28800,Denpasar,-8.652497,115.219117,29.0,29.0,29.0,1010.2,,,83,3.1,110,,,,,,,,,,,,,40,802,Clouds,scattered clouds,03n
122398,1196344800,2007-11-29 21:00:00,28800,Denpasar,-8.652497,115.219117,29.0,29.0,29.0,1010.2,,,83,2.6,100,,,,,,,,,,,,,40,802,Clouds,scattered clouds,03n
122399,1196348400,2007-11-29 22:00:00,28800,Denpasar,-8.652497,115.219117,26.4,26.4,26.4,1010.2,,,93,5.1,90,,0.7,,,,,,,,,,,40,501,Rain,moderate rain,10n
122400,1196352000,2007-11-29 23:00:00,28800,Denpasar,-8.652497,115.219117,25.0,25.0,25.0,1010.2,,,94,2.1,190,,,,,,,,,,,,,40,802,Clouds,scattered clouds,03n
122401,1196355600,2007-11-30 00:00:00,28800,Denpasar,-8.652497,115.219117,26.0,26.0,26.0,1009.1,,,94,4.46,101,,,,,,,,,,,,,40,802,Clouds,scattered clouds,03n
122402,1196359200,2007-11-30 01:00:00,28800,Denpasar,-8.652497,115.219117,26.2,26.2,26.2,1009.1,,,92,1.5,120,,0.7,1.0,,,,,,,,,,40,500,Rain,light rain,10n
122403,1196362800,2007-11-30 02:00:00,28800,Denpasar,-8.652497,115.219117,26.2,26.2,26.2,1009.1,,,92,1.5,120,,0.7,1.0,,,,,,,,,,40,500,Rain,light rain,10n
122404,1196366400,2007-11-30 03:00:00,28800,Denpasar,-8.652497,115.219117,25.4,25.4,25.4,1009.1,,,94,4.78,109,,,0.0,,,,,,,,,,20,801,Clouds,few clouds,02n
122405,1196370000,2007-11-30 04:00:00,28800,Denpasar,-8.652497,115.219117,25.96,25.96,25.96,1010.0,,,91,4.99,95,0.53,,,,,,,,,,,,64,500,Rain,light rain,10n
122406,1196373600,2007-11-30 05:00:00,28800,Denpasar,-8.652497,115.219117,25.0,25.0,25.0,1010.2,,,94,4.27,104,,,,,,,,,,,,,20,801,Clouds,few clouds,02d
122407,1196377200,2007-11-30 06:00:00,28800,Denpasar,-8.652497,115.219117,26.0,26.0,26.0,1010.2,,,94,4.65,99,,,,,,,,,,,,,40,802,Clouds,scattered clouds,03d
122408,1196380800,2007-11-30 07:00:00,28800,Denpasar,-8.652497,115.219117,27.3,27.3,27.3,1011.0,,,82,4.51,97,,,,,1.0,,,,,,,,40,802,Clouds,scattered clouds,03d
122409,1196384400,2007-11-30 08:00:00,28800,Denpasar,-8.652497,115.219117,30.0,30.0,30.0,1010.8,,,79,1.5,100,,,,,,,,,,,,,40,802,Clouds,scattered clouds,03d
122410,1196388000,2007-11-30 09:00:00,28800,Denpasar,-8.652497,115.219117,31.0,31.0,31.0,1010.8,,,79,2.6,100,,,,,,,,,,,,,40,802,Clouds,scattered clouds,03d
122411,1196391600,2007-11-30 10:00:00,28800,Denpasar,-8.652497,115.219117,31.0,31.0,31.0,1010.8,,,74,4.6,100,,,0.0,,,,,,,,,,40,802,Clouds,scattered clouds,03d
122412,1196395200,2007-11-30 11:00:00,28800,Denpasar,-8.652497,115.219117,31.0,31.0,31.0,1010.2,,,79,4.1,120,,,,,,,,,,,,,40,802,Clouds,scattered clouds,03d
122413,1196398800,2007-11-30 12:00:00,28800,Denpasar,-8.652497,115.219117,32.0,32.0,32.0,1009.1,,,70,4.6,130,,,,,,,,,,,,,20,801,Clouds,few clouds,02d
122414,1196402400,2007-11-30 13:00:00,28800,Denpasar,-8.652497,115.219117,31.0,31.0,31.0,1009.1,,,74,3.6,120,,,0.0,,,,,,,,,,20,801,Clouds,few clouds,02d
122415,1196406000,2007-11-30 14:00:00,28800,Denpasar,-8.652497,115.219117,32.0,32.0,32.0,1008.1,,,74,4.1,120,,,,,,,,,,,,,20,801,Clouds,few clouds,02d
122416,1196409600,2007-11-30 15:00:00,28800,Denpasar,-8.652497,115.219117,31.0,31.0,31.0,1008.1,,,74,3.6,140,,,,,,,,,,,,,20,801,Clouds,few clouds,02d
122417,1196413200,2007-11-30 16:00:00,28800,Denpasar,-8.652497,115.219117,30.5,30.5,30.5,1008.3,,,77,3.1,120,,,0.0,,,,,,,,,,20,801,Clouds,few clouds,02d
122418,1196416800,2007-11-30 17:00:00,28800,Denpasar,-8.652497,115.219117,30.0,30.0,30.0,1009.1,,,84,2.6,140,,,,,,,,,,,,,40,802,Clouds,scattered clouds,03d
122419,1196420400,2007-11-30 18:00:00,28800,Denpasar,-8.652497,115.219117,29.0,29.0,29.0,1009.1,,,89,2.6,120,,,,,,,,,,,,,40,802,Clouds,scattered clouds,03n
122420,1196424000,2007-11-30 19:00:00,28800,Denpasar,-8.652497,115.219117,28.8,28.8,28.8,1009.7,,,86,2.6,120,,,0.0,,,,,,,,,,40,802,Clouds,scattered clouds,03n
122421,1196427600,2007-11-30 20:00:00,28800,Denpasar,-8.652497,115.219117,29.0,29.0,29.0,1010.2,,,89,2.6,120,,,,,,,,,,,,,40,802,Clouds,scattered clouds,03n
122422,1196431200,2007-11-30 21:00:00,28800,Denpasar,-8.652497,115.219117,28.0,28.0,28.0,1010.8,,,94,0.5,140,,,,,,,,,,,,,40,802,Clouds,scattered clouds,03n
122423,1196434800,2007-11-30 22:00:00,28800,Denpasar,-8.652497,115.219117,28.4,28.4,28.4,1010.2,,,87,0.5,100,,,0.0,,,,,,,,,,40,802,Clouds,scattered clouds,03n
122424,1196438400,2007-11-30 23:00:00,28800,Denpasar,-8.652497,115.219117,28.0,28.0,28.0,1010.2,,,88,3.1,130,,,,,,,,,,,,,40,802,Clouds,scattered clouds,03n
